4.600000000000000000e+01	2.394724823202168398e-10	4.784756097560975974e+00	2.454867537417498369e+01	5.751172088874999133e+01
1.670000000000000000e+02	5.981570402157202997e-64	5.566666666666666430e+01	7.759305059385001258e+00	1.676981007709248104e+02
1.970000000000000000e+02	1.911509296824465967e-09	5.926829268292682862e+00	1.788444250090500276e+01	3.672879329397498793e+01
2.310000000000000000e+02	1.028653858642808207e-12	7.253886010362694314e+00	1.389647390293000306e+01	6.548465373847496096e+01
3.000000000000000000e+02	1.941925898237863428e-04	4.023300970873786575e+00	1.065220147124500727e+01	2.875586044425001475e+01
3.370000000000000000e+02	1.476168774687201668e-18	1.772727272727272663e+01	1.117926550097000060e+01	3.672879329397498793e+01
3.960000000000000000e+02	9.259124348272797712e-47	2.850000000000000000e+02	7.583617049470002591e+00	5.751172088874999133e+01
4.270000000000000000e+02	1.182042212120662807e-40	3.672121212121211897e+01	1.135495351087499749e+01	7.345758658820001585e+01
5.980000000000000000e+02	1.042311119122151936e-19	3.537062937062937351e+01	4.515032627690001910e+00	3.672879329397498793e+01
7.310000000000000000e+02	3.378049654270938959e-08	4.400237529691211513e+00	1.661368230484999486e+01	5.751172088850002240e+01
9.170000000000000000e+02	1.651386760196603631e-29	6.181938911022576200e+00	6.698179324917499855e+01	1.101863798821750180e+02
9.440000000000000000e+02	5.980134956358973686e-27	9.731324253839467531e+00	1.714074633459501484e+01	1.181593127318999734e+02
1.076000000000000000e+03	4.035102418906641957e-149	2.178762042799897714e+01	7.491678631827501533e+01	4.213972719482000571e+02
1.126000000000000000e+03	4.153151256206950946e-43	5.743730407523511161e+01	4.515032627690001910e+00	1.053493179869999921e+02
1.158000000000000000e+03	5.884919747745853772e-05	2.541369863013698716e+00	7.382171413236501678e+01	3.672879329397498793e+01
1.184000000000000000e+03	3.027169425697095441e-13	7.825086306098964606e+00	7.728261870069999873e+01	2.875586044425001475e+01
1.248000000000000000e+03	2.013122992067613539e-19	2.623423423423423273e+01	9.030065255399993163e+00	2.875586044425001475e+01
1.270000000000000000e+03	5.412376102202778579e-70	5.868206896551723872e+01	1.082788948115000593e+01	1.133222508367499586e+02
1.308000000000000000e+03	2.524771021460803992e-40	4.946031746031746223e+01	9.030065255405000713e+00	5.751172088874999133e+01
1.353000000000000000e+03	2.098066453615097604e-11	5.379310344827586299e+00	6.952331364127500990e+01	3.672879329397498793e+01
1.379000000000000000e+03	4.421125939524936600e-60	6.505714285714286405e+01	1.534292210884999896e+01	8.143051943792497127e+01
1.470000000000000000e+03	0.000000000000000000e+00	2.191166414888018554e+00	4.178972016288598752e+03	9.170063341227505589e+03
1.498000000000000000e+03	0.000000000000000000e+00	4.483715393445436348e+00	2.052853945541000485e+03	8.428518326032997720e+03
1.532000000000000000e+03	0.000000000000000000e+00	9.329598166446571028e+00	8.036177424838001571e+02	2.988210887873899537e+03
1.568000000000000000e+03	0.000000000000000000e+00	4.512570622340209781e+00	5.223911363638555940e+02	6.080767310186440227e+03
1.593000000000000000e+03	0.000000000000000000e+00	6.543680879827887154e+00	8.052689113240004417e+02	1.527235085162776159e+04
1.634000000000000000e+03	0.000000000000000000e+00	3.306722487232841790e+00	2.105294578092898973e+03	3.307394712790447556e+03
1.675000000000000000e+03	0.000000000000000000e+00	5.535566676132043007e+00	4.528268785957499176e+02	7.547151807318483407e+03
1.734000000000000000e+03	0.000000000000000000e+00	5.226901093018214262e+00	6.222608297062508882e+02	5.521595967003218902e+03
1.824000000000000000e+03	0.000000000000000000e+00	1.534257342306523775e+01	1.006360946456999955e+03	1.672906122494875308e+04
1.861000000000000000e+03	0.000000000000000000e+00	5.298886763294408553e+00	1.223920008508249794e+03	1.131113577995149899e+04
1.948000000000000000e+03	1.196733545323090969e-45	1.879625434224437441e+01	9.030065255399993163e+00	5.702801469929252107e+02
2.145000000000000000e+03	2.785974581392343442e-57	6.139946070878274043e+01	4.515032627690001910e+00	2.010245121837500051e+02
2.201000000000000000e+03	1.383131733716031761e-59	7.804080310880829074e+01	4.339344617779998359e+00	1.452139822357499099e+02
2.312000000000000000e+03	1.547691806894094787e-23	7.823072497123130020e+00	2.200715498211999943e+01	1.420781112809749800e+02
2.338000000000000000e+03	2.632566913549638373e-27	7.485714285714286120e+01	1.858719454052000586e+01	3.672879329397498793e+01
2.526000000000000000e+03	1.135248891533831834e-62	2.099137001078748810e+01	1.245002569700000450e+01	3.538343254503422941e+03
2.589000000000000000e+03	2.688020294495519418e-51	1.674375000000000000e+02	4.515032627690001910e+00	5.751172088850002240e+01
2.627000000000000000e+03	5.389636114699169555e-17	1.144538606403013148e+01	9.205753265295001597e+00	6.548465373822497781e+01
2.664000000000000000e+03	6.479032780175842994e-18	3.773655652299316987e+00	4.116235767900500520e+01	2.744820987719750747e+02
2.784000000000000000e+03	3.130793082016976203e-16	3.882959800782639803e+00	3.682301306123002149e+01	2.363186254640001493e+02
2.851000000000000000e+03	2.122205787401815737e-20	4.559766763848396742e+00	4.927303875819999490e+01	1.420781112809749800e+02
2.903000000000000000e+03	2.834545130463926429e-23	9.689191232048374403e+00	1.082788948115000593e+01	2.921291554119247849e+02
2.986000000000000000e+03	3.142703591669394618e-54	2.446843235504652725e+01	1.117926550095999971e+01	2.186715688239999906e+02
3.024000000000000000e+03	1.288746357974707907e-28	2.222312373225152271e+01	7.934993069280008804e+00	8.456639039225004240e+01
3.057000000000000000e+03	1.710660871174415903e-51	1.535945595854922274e+01	2.419729935433999657e+01	1.531869150854998622e+02
3.095000000000000000e+03	1.998434709575708964e-27	6.545978391356542581e+00	3.572794087511501004e+01	1.420781112809749800e+02
3.198000000000000000e+03	1.538254806586480588e-21	1.949329829172141970e+01	5.961480833619991593e+00	8.456639039225004240e+01
3.265000000000000000e+03	1.518622934389955055e-16	1.444800000000000040e+01	2.564374756029000579e+01	2.875586044425001475e+01
3.266000000000000000e+03	7.865787870088740493e-22	3.338787878787879038e+01	1.117926550095498861e+01	2.875586044425001475e+01
3.325000000000000000e+03	7.325685086656773786e-09	6.139999999999999858e+01	1.065220147125500283e+01	7.972932849725000715e+00
3.396000000000000000e+03	1.594349723310307522e-14	9.964285714285713880e+01	4.515032627690001910e+00	1.594586569944999965e+01
3.424000000000000000e+03	6.084240983524067187e-17	1.494642857142857224e+02	4.866408647524998798e+00	1.594586569944999965e+01
3.462000000000000000e+03	6.926944257205014635e-09	8.600000000000000000e+01	4.690720637604995247e+00	7.972932849725000715e+00
3.463000000000000000e+03	1.513102812521096852e-08	6.940000000000000568e+01	5.785792823724999145e+00	7.972932849725000715e+00
3.497000000000000000e+03	7.739779240878635498e-14	1.822300884955752309e+01	5.961480833619991593e+00	3.672879329397498793e+01
3.572000000000000000e+03	3.750504677067085061e-07	3.466666666666666430e+01	9.205753265295001597e+00	7.972932849725000715e+00
3.591000000000000000e+03	3.831545852005109045e-04	7.355072463768116187e+00	1.893857056031999875e+01	7.972932849725000715e+00
3.594000000000000000e+03	1.366090468497779534e-07	3.787777777777777999e+01	6.312856853444993810e+00	7.972932849725000715e+00