1.629764318466186523e+00
1.895174503326416016e+00
2.439188718795776367e+00
4.431647300720214844e+00
5.384205341339111328e+00
4.458062171936035156e+00
5.796782016754150391e+00
6.485935688018798828e+00
7.027998447418212891e+00
6.238411426544189453e+00
6.460343837738037109e+00
5.489097118377685547e+00
6.951450824737548828e+00
6.659193515777587891e+00
6.795997619628906250e+00
5.916502475738525391e+00
6.306428432464599609e+00
5.589390754699707031e+00
5.887669563293457031e+00
5.621880054473876953e+00
5.208057880401611328e+00
6.852710723876953125e+00
5.746878147125244141e+00
6.274809360504150391e+00
6.578058719635009766e+00
5.371821880340576172e+00
5.583283424377441406e+00
3.899071693420410156e+00
2.224498033523559570e+00
5.964779376983642578e+00
6.633865833282470703e+00
7.309850215911865234e+00
8.355403900146484375e+00
8.245248794555664062e+00
7.514393329620361328e+00
7.565353870391845703e+00
7.639797687530517578e+00
7.778301715850830078e+00
6.696695804595947266e+00
7.032070636749267578e+00
7.302039146423339844e+00
6.505105495452880859e+00
6.890433788299560547e+00
7.006717205047607422e+00
6.804182529449462891e+00
7.208928585052490234e+00
7.162945747375488281e+00
6.374271869659423828e+00
4.888926029205322266e+00
5.705754280090332031e+00
6.038088321685791016e+00
7.017361164093017578e+00
4.360318183898925781e+00
7.399658679962158203e+00
5.868935108184814453e+00
5.071635246276855469e+00
5.713025569915771484e+00
4.704449176788330078e+00
5.463095664978027344e+00
6.666282176971435547e+00
7.291737556457519531e+00
7.921929836273193359e+00
7.509988307952880859e+00
6.790833950042724609e+00
8.173254966735839844e+00
7.030060291290283203e+00
6.318463802337646484e+00
7.543123245239257812e+00
6.544793128967285156e+00
7.063976764678955078e+00
7.769722461700439453e+00
6.529513835906982422e+00
6.955732822418212891e+00
6.838214397430419922e+00
6.384759426116943359e+00
5.529738903045654297e+00
5.430104255676269531e+00
4.538196563720703125e+00
3.731742382049560547e+00
5.798868179321289062e+00
4.619880676269531250e+00
6.919610500335693359e+00
6.228536128997802734e+00
6.748190879821777344e+00
7.431311130523681641e+00
5.883867740631103516e+00
5.191352844238281250e+00
6.062075138092041016e+00
5.938349246978759766e+00
7.530880451202392578e+00
6.783198833465576172e+00
7.279167652130126953e+00
7.802762985229492188e+00
6.998005390167236328e+00
8.044109344482421875e+00
8.013252258300781250e+00
5.991478443145751953e+00
6.633819580078125000e+00
6.975087642669677734e+00
7.123451232910156250e+00
7.078046321868896484e+00
7.095504283905029297e+00
7.288696765899658203e+00
6.281376361846923828e+00
7.240023136138916016e+00
6.761206150054931641e+00
7.120854854583740234e+00
6.614752292633056641e+00
7.208239078521728516e+00
8.172166824340820312e+00
8.144014358520507812e+00
7.252760410308837891e+00
7.137909412384033203e+00
8.583078384399414062e+00
9.327056884765625000e+00
9.823152542114257812e+00
8.712846755981445312e+00
9.343786239624023438e+00
9.427522659301757812e+00
9.256879806518554688e+00
8.863836288452148438e+00
9.025747299194335938e+00
9.233432769775390625e+00
8.804309844970703125e+00
8.911930084228515625e+00
7.819221019744873047e+00
7.789895534515380859e+00
6.399748325347900391e+00
6.390724182128906250e+00
5.800075531005859375e+00
6.670380592346191406e+00
6.883003711700439453e+00
7.132287025451660156e+00
6.990725994110107422e+00
7.403156757354736328e+00
8.785133361816406250e+00
7.407819271087646484e+00
7.353744506835937500e+00
7.548068523406982422e+00
8.010890960693359375e+00
7.912375450134277344e+00
8.233089447021484375e+00
6.130142211914062500e+00
6.998928070068359375e+00
7.672729492187500000e+00
7.586579799652099609e+00
8.237803459167480469e+00
7.791411876678466797e+00
7.268828392028808594e+00
7.893000125885009766e+00
8.117891311645507812e+00
7.328728199005126953e+00
7.573885440826416016e+00
8.091086387634277344e+00
7.375951290130615234e+00
7.556102275848388672e+00
7.341921806335449219e+00
7.520973682403564453e+00
7.755297183990478516e+00
8.009010314941406250e+00
7.966296672821044922e+00
8.158884048461914062e+00
7.972749233245849609e+00
7.581069469451904297e+00
7.651451110839843750e+00
7.420235633850097656e+00
7.036808013916015625e+00
7.458668231964111328e+00
7.139977455139160156e+00
8.006396293640136719e+00
7.977867603302001953e+00
7.890716075897216797e+00
8.330255508422851562e+00
7.542065143585205078e+00
7.109830379486083984e+00
7.409098148345947266e+00
7.484388828277587891e+00
7.186202526092529297e+00
8.548015594482421875e+00
8.461544036865234375e+00
1.188712596893310547e+00
4.397254586219787598e-01
6.584439277648925781e-01
1.204747438430786133e+00
1.259494066238403320e+00
1.197423458099365234e+00
2.354649066925048828e+00
2.613025665283203125e+00
4.066896438598632812e+00
3.962814092636108398e+00
2.398554086685180664e+00
4.051089763641357422e+00
6.275394916534423828e+00
6.400703430175781250e+00
6.369707107543945312e+00
7.224028110504150391e+00
6.582909107208251953e+00
6.131766796112060547e+00
7.126842975616455078e+00
7.283697605133056641e+00
6.759143829345703125e+00
6.328455448150634766e+00
6.872627258300781250e+00
6.530518054962158203e+00
5.096866130828857422e+00
4.951935291290283203e+00
4.499823570251464844e+00
4.904538631439208984e+00
4.971432209014892578e+00
7.231549739837646484e+00
6.480882167816162109e+00
5.520917892456054688e+00
6.744706630706787109e+00
6.156776905059814453e+00
6.702201366424560547e+00
6.221701145172119141e+00
6.213336467742919922e+00
6.600095272064208984e+00
6.514123439788818359e+00
6.586882114410400391e+00
6.701961040496826172e+00
6.123409271240234375e+00
5.394790172576904297e+00
4.638629913330078125e+00
5.265503406524658203e+00
5.404908180236816406e+00
6.373641967773437500e+00
7.463032245635986328e+00
7.319979190826416016e+00
6.605217456817626953e+00
5.928483486175537109e+00
5.168847560882568359e+00
5.971567153930664062e+00
3.624282836914062500e+00
5.669147968292236328e+00
6.256769657135009766e+00
6.680495262145996094e+00
6.681766510009765625e+00
6.148783683776855469e+00
7.987645626068115234e+00
7.855058193206787109e+00
5.686399459838867188e+00
6.516814708709716797e+00
8.030744552612304688e+00
9.467363357543945312e+00
9.596197128295898438e+00
1.060226821899414062e+01
8.682182312011718750e+00
7.083258152008056641e+00
8.666625976562500000e+00
8.354072570800781250e+00
7.881735324859619141e+00
7.803695201873779297e+00
7.539886474609375000e+00
6.964089870452880859e+00
7.255621433258056641e+00
7.785542488098144531e+00
5.232377529144287109e+00
5.142204761505126953e+00
5.231037139892578125e+00
1.179673671722412109e+00
0.000000000000000000e+00
0.000000000000000000e+00
0.000000000000000000e+00
0.000000000000000000e+00
0.000000000000000000e+00
4.599712491035461426e-01
4.404250085353851318e-01
5.005739927291870117e-01
4.383057355880737305e-02
0.000000000000000000e+00
0.000000000000000000e+00
0.000000000000000000e+00
0.000000000000000000e+00
0.000000000000000000e+00
0.000000000000000000e+00
0.000000000000000000e+00
0.000000000000000000e+00
0.000000000000000000e+00
0.000000000000000000e+00
0.000000000000000000e+00
0.000000000000000000e+00
0.000000000000000000e+00
0.000000000000000000e+00
0.000000000000000000e+00
0.000000000000000000e+00
0.000000000000000000e+00
0.000000000000000000e+00
0.000000000000000000e+00
0.000000000000000000e+00
0.000000000000000000e+00
0.000000000000000000e+00
0.000000000000000000e+00
0.000000000000000000e+00
0.000000000000000000e+00
0.000000000000000000e+00
0.000000000000000000e+00
2.952353358268737793e-01
7.290436029434204102e-01
8.627133369445800781e-01
8.324158191680908203e-01
6.055105924606323242e-01
6.779414415359497070e-01
6.244233250617980957e-01
3.544314503669738770e-01
0.000000000000000000e+00
0.000000000000000000e+00
0.000000000000000000e+00
0.000000000000000000e+00
0.000000000000000000e+00
0.000000000000000000e+00
0.000000000000000000e+00
0.000000000000000000e+00
0.000000000000000000e+00
0.000000000000000000e+00
0.000000000000000000e+00
0.000000000000000000e+00
0.000000000000000000e+00
0.000000000000000000e+00
0.000000000000000000e+00
0.000000000000000000e+00
0.000000000000000000e+00
0.000000000000000000e+00
0.000000000000000000e+00
0.000000000000000000e+00
0.000000000000000000e+00
0.000000000000000000e+00
0.000000000000000000e+00
0.000000000000000000e+00
0.000000000000000000e+00
0.000000000000000000e+00
0.000000000000000000e+00
0.000000000000000000e+00
0.000000000000000000e+00
0.000000000000000000e+00
0.000000000000000000e+00
0.000000000000000000e+00
0.000000000000000000e+00
0.000000000000000000e+00
0.000000000000000000e+00
0.000000000000000000e+00
0.000000000000000000e+00
0.000000000000000000e+00
0.000000000000000000e+00
0.000000000000000000e+00
0.000000000000000000e+00
0.000000000000000000e+00
0.000000000000000000e+00
0.000000000000000000e+00
0.000000000000000000e+00
0.000000000000000000e+00
0.000000000000000000e+00
0.000000000000000000e+00
0.000000000000000000e+00
0.000000000000000000e+00
0.000000000000000000e+00
0.000000000000000000e+00
0.000000000000000000e+00
0.000000000000000000e+00
0.000000000000000000e+00
0.000000000000000000e+00
0.000000000000000000e+00
0.000000000000000000e+00
0.000000000000000000e+00
0.000000000000000000e+00
0.000000000000000000e+00
0.000000000000000000e+00
0.000000000000000000e+00
0.000000000000000000e+00
0.000000000000000000e+00
0.000000000000000000e+00
0.000000000000000000e+00
0.000000000000000000e+00
0.000000000000000000e+00
0.000000000000000000e+00
0.000000000000000000e+00
0.000000000000000000e+00
0.000000000000000000e+00
0.000000000000000000e+00
0.000000000000000000e+00
0.000000000000000000e+00
0.000000000000000000e+00
0.000000000000000000e+00
0.000000000000000000e+00
0.000000000000000000e+00
0.000000000000000000e+00
0.000000000000000000e+00
0.000000000000000000e+00
0.000000000000000000e+00
0.000000000000000000e+00
0.000000000000000000e+00
0.000000000000000000e+00
0.000000000000000000e+00
0.000000000000000000e+00
0.000000000000000000e+00
0.000000000000000000e+00
0.000000000000000000e+00
0.000000000000000000e+00
0.000000000000000000e+00
0.000000000000000000e+00
0.000000000000000000e+00
0.000000000000000000e+00
0.000000000000000000e+00
0.000000000000000000e+00
0.000000000000000000e+00
0.000000000000000000e+00
0.000000000000000000e+00
0.000000000000000000e+00
0.000000000000000000e+00
0.000000000000000000e+00
0.000000000000000000e+00
0.000000000000000000e+00
0.000000000000000000e+00
0.000000000000000000e+00
0.000000000000000000e+00
0.000000000000000000e+00
0.000000000000000000e+00
0.000000000000000000e+00
0.000000000000000000e+00
0.000000000000000000e+00
0.000000000000000000e+00
0.000000000000000000e+00
0.000000000000000000e+00
0.000000000000000000e+00
2.260526180267333984e+00
3.844462871551513672e+00
5.142535686492919922e+00
3.861116409301757812e+00
4.358592987060546875e+00
3.833372116088867188e+00
4.775295734405517578e+00
3.990231990814208984e+00
5.549849510192871094e+00
6.005289554595947266e+00
5.678294658660888672e+00
5.460314750671386719e+00
5.662095069885253906e+00
5.124935626983642578e+00
2.259634494781494141e+00
0.000000000000000000e+00
0.000000000000000000e+00
0.000000000000000000e+00
0.000000000000000000e+00
0.000000000000000000e+00
0.000000000000000000e+00
0.000000000000000000e+00
0.000000000000000000e+00
0.000000000000000000e+00
0.000000000000000000e+00
0.000000000000000000e+00
0.000000000000000000e+00
0.000000000000000000e+00
0.000000000000000000e+00
0.000000000000000000e+00
0.000000000000000000e+00
0.000000000000000000e+00
0.000000000000000000e+00
0.000000000000000000e+00
0.000000000000000000e+00
0.000000000000000000e+00
0.000000000000000000e+00
0.000000000000000000e+00
0.000000000000000000e+00
0.000000000000000000e+00
0.000000000000000000e+00
0.000000000000000000e+00
0.000000000000000000e+00
0.000000000000000000e+00
0.000000000000000000e+00
0.000000000000000000e+00
0.000000000000000000e+00
0.000000000000000000e+00
0.000000000000000000e+00
0.000000000000000000e+00
0.000000000000000000e+00
0.000000000000000000e+00
0.000000000000000000e+00
0.000000000000000000e+00
0.000000000000000000e+00
0.000000000000000000e+00
0.000000000000000000e+00
0.000000000000000000e+00
0.000000000000000000e+00
0.000000000000000000e+00
0.000000000000000000e+00
0.000000000000000000e+00
4.716969966888427734e+00
6.338615894317626953e+00
6.143656730651855469e+00
6.108831882476806641e+00
5.916514873504638672e+00
5.250923633575439453e+00
4.539186954498291016e+00
4.807945251464843750e+00
4.948287010192871094e+00
4.714432239532470703e+00
4.165194988250732422e+00
4.631197929382324219e+00
2.931090354919433594e+00
3.253073215484619141e+00
1.527735590934753418e+00
0.000000000000000000e+00
0.000000000000000000e+00
0.000000000000000000e+00
0.000000000000000000e+00
0.000000000000000000e+00
0.000000000000000000e+00
0.000000000000000000e+00
0.000000000000000000e+00
0.000000000000000000e+00
0.000000000000000000e+00
0.000000000000000000e+00
0.000000000000000000e+00
0.000000000000000000e+00
0.000000000000000000e+00
0.000000000000000000e+00
0.000000000000000000e+00
0.000000000000000000e+00
0.000000000000000000e+00
0.000000000000000000e+00
0.000000000000000000e+00
0.000000000000000000e+00
0.000000000000000000e+00
0.000000000000000000e+00
0.000000000000000000e+00
0.000000000000000000e+00
0.000000000000000000e+00
0.000000000000000000e+00
0.000000000000000000e+00
0.000000000000000000e+00
0.000000000000000000e+00
0.000000000000000000e+00
0.000000000000000000e+00
0.000000000000000000e+00
0.000000000000000000e+00
0.000000000000000000e+00
0.000000000000000000e+00
0.000000000000000000e+00
0.000000000000000000e+00
0.000000000000000000e+00
0.000000000000000000e+00
0.000000000000000000e+00
0.000000000000000000e+00
0.000000000000000000e+00
0.000000000000000000e+00
0.000000000000000000e+00
0.000000000000000000e+00
0.000000000000000000e+00
0.000000000000000000e+00
0.000000000000000000e+00
0.000000000000000000e+00
0.000000000000000000e+00
0.000000000000000000e+00
0.000000000000000000e+00
0.000000000000000000e+00
0.000000000000000000e+00
0.000000000000000000e+00
0.000000000000000000e+00
0.000000000000000000e+00
0.000000000000000000e+00
0.000000000000000000e+00
0.000000000000000000e+00
0.000000000000000000e+00
0.000000000000000000e+00
0.000000000000000000e+00
0.000000000000000000e+00
0.000000000000000000e+00
0.000000000000000000e+00
0.000000000000000000e+00
0.000000000000000000e+00
0.000000000000000000e+00
0.000000000000000000e+00
0.000000000000000000e+00
0.000000000000000000e+00
0.000000000000000000e+00
0.000000000000000000e+00
0.000000000000000000e+00
0.000000000000000000e+00
0.000000000000000000e+00
0.000000000000000000e+00
0.000000000000000000e+00
3.333218812942504883e+00
4.009371757507324219e+00
5.429161548614501953e+00
4.932058811187744141e+00
4.316018104553222656e+00
6.085480690002441406e+00
5.966165542602539062e+00
6.075126171112060547e+00
4.163726806640625000e+00
4.566509246826171875e+00
4.249354839324951172e+00
5.328873157501220703e+00
6.001391410827636719e+00
5.439421176910400391e+00
5.993912696838378906e+00
6.248307228088378906e+00
6.190313816070556641e+00
6.723128795623779297e+00
7.259716510772705078e+00
8.260091781616210938e+00
8.303407669067382812e+00
8.581647872924804688e+00
6.836762905120849609e+00
6.480811595916748047e+00
5.357599735260009766e+00
3.781867742538452148e+00
6.110435724258422852e-01
0.000000000000000000e+00
0.000000000000000000e+00
0.000000000000000000e+00
0.000000000000000000e+00
0.000000000000000000e+00
0.000000000000000000e+00
0.000000000000000000e+00
0.000000000000000000e+00
0.000000000000000000e+00
0.000000000000000000e+00
0.000000000000000000e+00
0.000000000000000000e+00
0.000000000000000000e+00
0.000000000000000000e+00
0.000000000000000000e+00
0.000000000000000000e+00
0.000000000000000000e+00
0.000000000000000000e+00
0.000000000000000000e+00
0.000000000000000000e+00
0.000000000000000000e+00
0.000000000000000000e+00
0.000000000000000000e+00
0.000000000000000000e+00
0.000000000000000000e+00
0.000000000000000000e+00
0.000000000000000000e+00
0.000000000000000000e+00
0.000000000000000000e+00
0.000000000000000000e+00
0.000000000000000000e+00
0.000000000000000000e+00
0.000000000000000000e+00
3.696203231811523438e-02
0.000000000000000000e+00
0.000000000000000000e+00
0.000000000000000000e+00
0.000000000000000000e+00
0.000000000000000000e+00
0.000000000000000000e+00
0.000000000000000000e+00
0.000000000000000000e+00
1.185178160667419434e-01
0.000000000000000000e+00
0.000000000000000000e+00
0.000000000000000000e+00
0.000000000000000000e+00
0.000000000000000000e+00
0.000000000000000000e+00
0.000000000000000000e+00
0.000000000000000000e+00
0.000000000000000000e+00
0.000000000000000000e+00
0.000000000000000000e+00
0.000000000000000000e+00
0.000000000000000000e+00
0.000000000000000000e+00
0.000000000000000000e+00
0.000000000000000000e+00
0.000000000000000000e+00
0.000000000000000000e+00
0.000000000000000000e+00
0.000000000000000000e+00
0.000000000000000000e+00
0.000000000000000000e+00
0.000000000000000000e+00
0.000000000000000000e+00
0.000000000000000000e+00
0.000000000000000000e+00
0.000000000000000000e+00
0.000000000000000000e+00
0.000000000000000000e+00
0.000000000000000000e+00
0.000000000000000000e+00
0.000000000000000000e+00
0.000000000000000000e+00
0.000000000000000000e+00
0.000000000000000000e+00
0.000000000000000000e+00
0.000000000000000000e+00
0.000000000000000000e+00
0.000000000000000000e+00
0.000000000000000000e+00
0.000000000000000000e+00
0.000000000000000000e+00
0.000000000000000000e+00
0.000000000000000000e+00
0.000000000000000000e+00
0.000000000000000000e+00
0.000000000000000000e+00
0.000000000000000000e+00
0.000000000000000000e+00
0.000000000000000000e+00
0.000000000000000000e+00
0.000000000000000000e+00
0.000000000000000000e+00
0.000000000000000000e+00
0.000000000000000000e+00
0.000000000000000000e+00
0.000000000000000000e+00
0.000000000000000000e+00
0.000000000000000000e+00
0.000000000000000000e+00
0.000000000000000000e+00
0.000000000000000000e+00
0.000000000000000000e+00
0.000000000000000000e+00
0.000000000000000000e+00
0.000000000000000000e+00
0.000000000000000000e+00
4.811252117156982422e+00
6.306683063507080078e+00
7.144060611724853516e+00
7.666969776153564453e+00
8.061090469360351562e+00
6.804392814636230469e+00
6.210643291473388672e+00
6.209246635437011719e+00
6.601553440093994141e+00
6.318004131317138672e+00
7.894586086273193359e+00
7.207468986511230469e+00
7.456045627593994141e+00
7.053329944610595703e+00
7.324296474456787109e+00
6.556416511535644531e+00
5.409412384033203125e+00
5.266625881195068359e+00
6.909962177276611328e+00
7.150982379913330078e+00
7.073058605194091797e+00
8.125292778015136719e+00
8.823495864868164062e+00
8.617893218994140625e+00
8.122842788696289062e+00
8.182468414306640625e+00
7.267955303192138672e+00
8.615226745605468750e+00
8.034641265869140625e+00
7.812738895416259766e+00
8.213424682617187500e+00
7.924141407012939453e+00
7.745961189270019531e+00
7.233953952789306641e+00
8.036367416381835938e+00
6.038166522979736328e+00
8.045097351074218750e+00
8.599555969238281250e+00
8.344413757324218750e+00
9.574054718017578125e+00
1.056165504455566406e+01
1.044785308837890625e+01
1.012661743164062500e+01
1.105474281311035156e+01
8.437505722045898438e+00
8.388820648193359375e+00
8.796747207641601562e+00
9.098581314086914062e+00
9.562686920166015625e+00
7.619489192962646484e+00
8.345691680908203125e+00
7.997330188751220703e+00
6.594668865203857422e+00
7.724744796752929688e+00
6.659077167510986328e+00
5.717544555664062500e+00
7.132722377777099609e+00
9.697620391845703125e+00
1.023217582702636719e+01
1.027704620361328125e+01
1.074889183044433594e+01
1.196354293823242188e+01
1.091701698303222656e+01
1.140055847167968750e+01
1.015012550354003906e+01
1.125767707824707031e+01
1.081866645812988281e+01
1.020988082885742188e+01
1.043442916870117188e+01
1.101086616516113281e+01
9.671195983886718750e+00
9.867641448974609375e+00
9.223680496215820312e+00
1.024850463867187500e+01
9.665348052978515625e+00
9.832080841064453125e+00
1.127717399597167969e+01
9.553453445434570312e+00
1.429298520088195801e-01
1.103901267051696777e-01
7.776564359664916992e-02
5.619241595268249512e-01
2.736665308475494385e-01
2.474967539310455322e-01
2.523378133773803711e-01
3.246754109859466553e-01
5.782094001770019531e-01
3.549585044384002686e-01
5.761697888374328613e-01
6.636963486671447754e-01
4.699960947036743164e-01
2.660799920558929443e-01
3.038405776023864746e-01
4.947258234024047852e-01
7.196724414825439453e-01
4.596690535545349121e-01
2.787632048130035400e-01
2.935511469841003418e-01
2.980462312698364258e-01
3.090432882308959961e-01
5.205286741256713867e-01
9.259953498840332031e-01
6.749414801597595215e-01
7.674940824508666992e-01
1.093368530273437500e+00
7.788117527961730957e-01
9.764596223831176758e-01
1.278345704078674316e+00
1.351145267486572266e+00
7.568992972373962402e-01
7.405173778533935547e-01
8.268595933914184570e-01
1.067136049270629883e+00
1.407585144042968750e+00
9.703680276870727539e-01
7.202612161636352539e-01
1.053805828094482422e+00
2.046545743942260742e+00
2.290839433670043945e+00
1.514139413833618164e+00
2.491087436676025391e+00
1.854947447776794434e+00
1.620934963226318359e+00
1.133703231811523438e+00
1.630657672882080078e+00
1.627943277359008789e+00
8.045629858970642090e-01
1.003875732421875000e+00
1.099795103073120117e+00
1.093868732452392578e+00
5.096310973167419434e-01
4.087261557579040527e-01
7.140530943870544434e-01
9.162700176239013672e-01
6.390762925148010254e-01
7.969859838485717773e-01
4.664809107780456543e-01
6.119325160980224609e-01
7.778889536857604980e-01
1.878665804862976074e+00
2.635225772857666016e+00
2.245197057723999023e+00
4.594060182571411133e-01
7.858254909515380859e-01
2.907726764678955078e-01
2.111952304840087891e-01
2.068895697593688965e-01
1.366238594055175781e-01
2.592080831527709961e-01
2.892425954341888428e-01
4.525440335273742676e-01
8.451196551322937012e-01
9.278385639190673828e-01
3.818411827087402344e-01
2.866011559963226318e-01
2.637445926666259766e-01
1.625701785087585449e-01
2.305178642272949219e-01
4.862136840820312500e-01
3.832297921180725098e-01
3.341355025768280029e-01
4.514347910881042480e-01
4.046728312969207764e-01
3.496530354022979736e-01
5.374804735183715820e-01
4.764153361320495605e-01
3.505675792694091797e-01
2.468287348747253418e-01
3.722459673881530762e-01
4.805774092674255371e-01
3.623812794685363770e-01
4.194369316101074219e-01
1.919816732406616211e-01
2.420247197151184082e-01
2.142737209796905518e-01
4.244138002395629883e-01
4.641750752925872803e-01
1.869168281555175781e-01
4.009402990341186523e-01
3.067900836467742920e-01
5.213763713836669922e-01
4.399688839912414551e-01
2.622250020503997803e-01
1.097416639328002930e+00
2.988912463188171387e-01
3.140763640403747559e-01
2.697223722934722900e-01
3.711971342563629150e-01
3.581577539443969727e-01
1.496446132659912109e-01
2.128789722919464111e-01
2.328703999519348145e-01
1.768357157707214355e-01
2.080237269401550293e-01
2.384162545204162598e-01
1.535346508026123047e-01
1.352740526199340820e-01
3.351483941078186035e-01
4.314356446266174316e-01
3.748067319393157959e-01
1.944684684276580811e-01
2.382324039936065674e-01
3.603615760803222656e-01
3.996285796165466309e-01
4.598014056682586670e-01
2.629677653312683105e-01
2.983698248863220215e-01
2.544735074043273926e-01
2.056481838226318359e-01
1.530465185642242432e-01
3.865160644054412842e-01
3.418587744235992432e-01
4.634600281715393066e-01
2.567948400974273682e-01
6.335768699645996094e-01
2.599120140075683594e-01
2.872838079929351807e-01
8.097469806671142578e-02
2.514737844467163086e-01
1.813058257102966309e-01
6.616448760032653809e-01
5.248624682426452637e-01
5.057930946350097656e-01
8.951747417449951172e-02
7.245486974716186523e-02
1.062424182891845703e-01
9.561401605606079102e-02
2.733680009841918945e-01
2.357459962368011475e-01
3.065744340419769287e-01
3.236432075500488281e-01
9.395644068717956543e-01
5.009887218475341797e-01
4.631972312927246094e-01
2.002083957195281982e-01
4.046885967254638672e-01
8.486294746398925781e-02
1.268308162689208984e-01
1.923538446426391602e-01
1.886447966098785400e-01
2.349993586540222168e-01
1.821532249450683594e-01
2.036329507827758789e-01
7.227739095687866211e-01
1.349145174026489258e-01
1.656817197799682617e-01
3.274086415767669678e-01
1.617633700370788574e-01
1.688240170478820801e-01
3.205643892288208008e-01
1.923228502273559570e-01
1.598767042160034180e-01
1.953695416450500488e-01
2.455832362174987793e-01
2.284954786300659180e-01
1.918961107730865479e-01
1.239987015724182129e-01
2.284218370914459229e-01
8.048626184463500977e-01
3.571870923042297363e-01
5.280376672744750977e-01
1.198959946632385254e-01
1.742746531963348389e-01
2.977181971073150635e-01
5.698884129524230957e-01
4.580445587635040283e-01
2.625331580638885498e-01
7.225006818771362305e-02
1.755171418190002441e-01
2.826601862907409668e-01
5.074431896209716797e-01
3.099901974201202393e-01
3.397629857063293457e-01
3.419604301452636719e-01
1.827155947685241699e-01
2.175796329975128174e-01
7.004845142364501953e-02
1.680025160312652588e-01
2.832667529582977295e-01
1.483510434627532959e-01
2.912510037422180176e-01
2.684371769428253174e-01
2.047579288482666016e-01
2.792832255363464355e-01
2.216367125511169434e-01
1.501857042312622070e-01
2.308644056320190430e-01
3.530369997024536133e-01
3.594878613948822021e-01
5.567465424537658691e-01
3.580159842967987061e-01
8.247842788696289062e-01
5.711097121238708496e-01
3.276000022888183594e-01
5.040016770362854004e-01
2.735743522644042969e-01
3.009344637393951416e-01
2.423537254333496094e+00
4.132370352745056152e-01
8.602972030639648438e-01
7.014746665954589844e-01
4.309769868850708008e-01
6.328482031822204590e-01
1.225784540176391602e+00
1.038223266601562500e+00
3.427700698375701904e-01
5.876486897468566895e-01
1.052559375762939453e+00
9.490344524383544922e-01
1.380635261535644531e+00
6.272764205932617188e-01
5.382447838783264160e-01
3.689115643501281738e-01
5.555004477500915527e-01
2.317685365676879883e+00
1.233251810073852539e+00
1.222820401191711426e+00
2.317883491516113281e+00
1.294528484344482422e+00
2.040438890457153320e+00
8.873478174209594727e-01
4.287559986114501953e-01
1.115419864654541016e+00
6.916601657867431641e-01
7.246164083480834961e-01
9.892769455909729004e-01
1.650561332702636719e+00
4.017738997936248779e-01
7.699692845344543457e-01
5.092194676399230957e-01
6.729683876037597656e-01
5.169250965118408203e-01
1.882885813713073730e+00
2.466397762298583984e+00
3.056525230407714844e+00
1.750513792037963867e+00
6.358326077461242676e-01
7.610813379287719727e-01
5.691346526145935059e-01
4.986063838005065918e-01
2.837762236595153809e-01
3.098770380020141602e-01
4.009014368057250977e-01
5.100643634796142578e-01
2.498416602611541748e-01
2.488530576229095459e-01
2.205454111099243164e-01
1.843354105949401855e-01
3.631390333175659180e-01
4.747917950153350830e-01
3.925018310546875000e-01
5.559664964675903320e-01
4.099093377590179443e-01
3.540845215320587158e-01
2.258310317993164062e-01
3.057655692100524902e-01
3.387235999107360840e-01
2.783381044864654541e-01
3.588518500328063965e-01
1.387884616851806641e-01
2.079008221626281738e-01
2.297554016113281250e-01
2.298981547355651855e-01
2.253763079643249512e-01
5.572521686553955078e-02
7.994973659515380859e-02
1.573505699634552002e-01
1.025645136833190918e-01
2.293993532657623291e-01
2.522773742675781250e-01
1.864713728427886963e-01
8.117276430130004883e-01
3.671030998229980469e-01
1.040921211242675781e-01
3.851250410079956055e-01
5.501466989517211914e-01
4.487712383270263672e-01
4.919355809688568115e-01
1.070836305618286133e+00
6.359303593635559082e-01
4.614202380180358887e-01
2.277767062187194824e-01
2.820656895637512207e-01
2.622790336608886719e-01
2.643973827362060547e-01
4.045345783233642578e-01
5.090039968490600586e-01
2.004808187484741211e-01
2.629806697368621826e-01
2.456798255443572998e-01
1.567972600460052490e-01
3.463789224624633789e-01
4.321790039539337158e-01
1.290412902832031250e+00
1.191975355148315430e+00
1.273711919784545898e+00
9.478706121444702148e-01
1.369722843170166016e+00
1.189909100532531738e+00
8.625274896621704102e-01
6.894096136093139648e-01
1.115701079368591309e+00
1.151407003402709961e+00
1.712006807327270508e+00
1.581379175186157227e+00
3.403791487216949463e-01
1.939036250114440918e-01
3.557508587837219238e-01
3.144318163394927979e-01
3.144233822822570801e-01
3.524759411811828613e-01
3.404571115970611572e-01
2.363205254077911377e-01
3.178785443305969238e-01
1.848235130310058594e-01
2.800087928771972656e-01
2.588592767715454102e-01
3.257637917995452881e-01
2.086356282234191895e-01
3.787390887737274170e-01
6.774570345878601074e-01
6.614158153533935547e-01
2.812237739562988281e-01
4.473404288291931152e-01
1.587441205978393555e+00
4.094578623771667480e-01
4.829547107219696045e-01
5.379887819290161133e-01
4.488027989864349365e-01
3.369700908660888672e-01
3.321226835250854492e-01
2.984952032566070557e-01
3.940719366073608398e-02
2.039504051208496094e-01
2.458835244178771973e-01
3.862243592739105225e-01
1.889615058898925781e-01
3.015435934066772461e-01
2.522770464420318604e-01
1.975778341293334961e+00
1.829109907150268555e+00
1.196660757064819336e+00
3.190639734268188477e+00
2.032914161682128906e+00
4.016727447509765625e+00
3.203069925308227539e+00
2.092674970626831055e+00
2.547559976577758789e+00
2.966597080230712891e+00
3.925988674163818359e+00
3.103659629821777344e+00
4.083558559417724609e+00
3.473080396652221680e+00
7.417723178863525391e+00
6.367449283599853516e+00
4.996640205383300781e+00
4.309928894042968750e+00
4.212203025817871094e+00
4.092591285705566406e+00
2.910318851470947266e+00
4.285429954528808594e+00
3.325179576873779297e+00
2.420369625091552734e+00
1.468143701553344727e+00
2.322969436645507812e+00
2.390892028808593750e+00
1.636683106422424316e+00
2.810284614562988281e+00
3.745237350463867188e+00
4.682046413421630859e+00
5.344565391540527344e+00
5.624243259429931641e+00
5.690378665924072266e+00
5.967386722564697266e+00
4.659614086151123047e+00
5.663660049438476562e+00
5.678832054138183594e+00
4.704951286315917969e+00
5.823350429534912109e+00
6.320154666900634766e+00
6.137564182281494141e+00
6.843199253082275391e+00
8.279592514038085938e+00
7.734319686889648438e+00
7.386562824249267578e+00
6.691550731658935547e+00
6.981396675109863281e+00
7.510411739349365234e+00
8.716985702514648438e+00
7.270291805267333984e+00
7.033914566040039062e+00
6.539508342742919922e+00
6.088196277618408203e+00
7.588107109069824219e+00
6.279578208923339844e+00
5.290822505950927734e+00
4.896984577178955078e+00
6.420552253723144531e+00
8.541524887084960938e+00
5.713445663452148438e+00
6.329870700836181641e+00
6.087048053741455078e+00
5.054187297821044922e+00
5.556086063385009766e+00
5.087687969207763672e+00
4.392541408538818359e+00
4.430940628051757812e+00
3.578522682189941406e+00
3.610157966613769531e+00
3.470202207565307617e+00
5.535950183868408203e+00
3.418595314025878906e+00
2.597933292388916016e+00
3.232326745986938477e+00
3.878303527832031250e+00
4.038848876953125000e+00
5.005499362945556641e+00
6.474509716033935547e+00
7.434782981872558594e+00
5.907299518585205078e+00
4.932510375976562500e+00
6.989219665527343750e+00
6.052798271179199219e+00
6.960740566253662109e+00
6.621503353118896484e+00
6.961567401885986328e+00
7.286530017852783203e+00
7.858392238616943359e+00
7.670220375061035156e+00
8.437099456787109375e+00
1.080841636657714844e+01
9.972963333129882812e+00
9.261571884155273438e+00
9.319263458251953125e+00
9.334692001342773438e+00
7.557030200958251953e+00
7.375551700592041016e+00
7.839622020721435547e+00
6.403775691986083984e+00
6.944842815399169922e+00
6.560852050781250000e+00
6.310609340667724609e+00
5.865142822265625000e+00
7.012038707733154297e+00
7.708962917327880859e+00
6.231155872344970703e+00
6.005105018615722656e+00
7.197398662567138672e+00
6.314402103424072266e+00
6.829164981842041016e+00
5.424592018127441406e+00
7.092827796936035156e+00
6.879651069641113281e+00
5.874795436859130859e+00
5.185623645782470703e+00
7.547705650329589844e+00
6.523660182952880859e+00
6.352280139923095703e+00
7.310560703277587891e+00
6.178892612457275391e+00
6.615313053131103516e+00
5.282498836517333984e+00
6.828995227813720703e+00
5.814935684204101562e+00
6.804289340972900391e+00
8.312759399414062500e+00
7.075076580047607422e+00
6.363431453704833984e+00
7.593630313873291016e+00
5.662964344024658203e+00
5.447501659393310547e+00
5.889625072479248047e+00
6.009910106658935547e+00
6.367070198059082031e+00
6.526466846466064453e+00
6.945607662200927734e+00
5.879551410675048828e+00
5.294275283813476562e+00
6.033015251159667969e+00
6.199990272521972656e+00
5.855761051177978516e+00
6.383537769317626953e+00
5.892206668853759766e+00
4.974143505096435547e+00
7.268971920013427734e+00
6.916403293609619141e+00
5.966074943542480469e+00
6.720107078552246094e+00
6.634626865386962891e+00
6.606382846832275391e+00
6.057956695556640625e+00
5.906868457794189453e+00
6.104407787322998047e+00
5.067162513732910156e+00
5.116283416748046875e+00
6.582497119903564453e+00
6.036457061767578125e+00
6.106881618499755859e+00
5.778164386749267578e+00
4.514882087707519531e+00
4.063262939453125000e+00
3.690044641494750977e+00
3.323671817779541016e+00
4.447207450866699219e+00
5.393693447113037109e+00
4.563126564025878906e+00
3.154030323028564453e+00
4.930513858795166016e+00
5.647403717041015625e+00
6.674575328826904297e+00
6.750657558441162109e+00
5.151297092437744141e+00
5.101723670959472656e+00
5.233314990997314453e+00
6.910698890686035156e+00
6.202286243438720703e+00
5.196668624877929688e+00
6.148757457733154297e+00
6.762606143951416016e+00
6.739177703857421875e+00
7.019268035888671875e+00
7.493803501129150391e+00
5.355889797210693359e+00
4.734074115753173828e+00
4.793285369873046875e+00
6.011968612670898438e+00
5.508356571197509766e+00
7.165801048278808594e+00
6.816023349761962891e+00
7.504914283752441406e+00
7.202619075775146484e+00
5.370274543762207031e+00
6.892890453338623047e+00
6.512446880340576172e+00
6.962984561920166016e+00
6.657360553741455078e+00
6.949529170989990234e+00
6.763404369354248047e+00
6.731288909912109375e+00
6.792690753936767578e+00
7.181415081024169922e+00
7.927562713623046875e+00
7.700024127960205078e+00
7.670156955718994141e+00
6.723543643951416016e+00
7.372795581817626953e+00
6.787658214569091797e+00
7.488855361938476562e+00
7.255378246307373047e+00
7.048652172088623047e+00
7.303199291229248047e+00
7.033362388610839844e+00
7.209621906280517578e+00
6.043414592742919922e+00
6.154778957366943359e+00
5.311254501342773438e+00
5.784471035003662109e+00
6.450305461883544922e+00
5.999342441558837891e+00
5.964099407196044922e+00
5.865356922149658203e+00
5.753847122192382812e+00
4.797497749328613281e+00
5.943532466888427734e+00
6.112395763397216797e+00
5.216983795166015625e+00
4.524938583374023438e+00
3.180833578109741211e+00
3.778848409652709961e+00
7.104333400726318359e+00
6.741187572479248047e+00
7.358785152435302734e+00
7.412778377532958984e+00
7.178598880767822266e+00
7.572535037994384766e+00
6.042661190032958984e+00
7.948010444641113281e+00
6.280419826507568359e+00
7.043678760528564453e+00
6.577561855316162109e+00
7.472505092620849609e+00
6.729651451110839844e+00
6.123039722442626953e+00
6.166650295257568359e+00
4.745914459228515625e+00
5.099592685699462891e+00
4.227783203125000000e+00
6.234211444854736328e+00
4.845767974853515625e+00
4.825887203216552734e+00
4.838357925415039062e+00
6.257526397705078125e+00
5.561387538909912109e+00
4.397378921508789062e+00
4.293578147888183594e+00
3.770414590835571289e+00
4.321142196655273438e+00
5.731839656829833984e+00
4.745206356048583984e+00
5.968728542327880859e+00
5.789687156677246094e+00
5.733053207397460938e+00
4.890765190124511719e+00
3.768725395202636719e+00
4.815061092376708984e+00
5.940897464752197266e+00
3.811687946319580078e+00
6.038722515106201172e+00
6.336409091949462891e+00
7.607079982757568359e+00
7.847079277038574219e+00
8.032260894775390625e+00
5.544514656066894531e+00
7.398752689361572266e+00
8.195402145385742188e+00
8.168739318847656250e+00
7.636070728302001953e+00
8.012705802917480469e+00
7.967957973480224609e+00
9.021450042724609375e+00
8.555772781372070312e+00
8.679100036621093750e+00
7.674277782440185547e+00
7.531449794769287109e+00
6.907134532928466797e+00
6.121839046478271484e+00
6.674619197845458984e+00
6.619160175323486328e+00
7.271183490753173828e+00
6.829315662384033203e+00
7.991576671600341797e+00
8.745744705200195312e+00
7.690603256225585938e+00
6.709513664245605469e+00
5.017920970916748047e+00
6.107761383056640625e+00
5.904367923736572266e+00
6.568034172058105469e+00
6.588300228118896484e+00
6.968382358551025391e+00
6.367165088653564453e+00
5.579774856567382812e+00
5.458948612213134766e+00
5.220771312713623047e+00
2.976393461227416992e+00
3.201092958450317383e+00
3.259872436523437500e+00
2.664072036743164062e+00
2.610873222351074219e+00
1.827266812324523926e+00
4.500858306884765625e+00
5.411187171936035156e+00
4.945847988128662109e+00
5.776715278625488281e+00
4.134089469909667969e+00
5.267130374908447266e+00
4.161168575286865234e+00
4.392702579498291016e+00
4.154309272766113281e+00
5.246850490570068359e+00
5.059060573577880859e+00
5.573936939239501953e+00
6.569033145904541016e+00
5.873535633087158203e+00
4.971676826477050781e+00
5.516246318817138672e+00
5.376435756683349609e+00
4.710899829864501953e+00
4.254201412200927734e+00
5.280839920043945312e+00
5.876403808593750000e+00
4.985225200653076172e+00
6.614379882812500000e+00
4.680109500885009766e+00
4.976047039031982422e+00
5.765215873718261719e+00
4.300566673278808594e+00
6.877154827117919922e+00
5.770576477050781250e+00
5.772689342498779297e+00
6.333185672760009766e+00
6.400352954864501953e+00
5.235150814056396484e+00
4.672403335571289062e+00
5.528770446777343750e+00
4.542969226837158203e+00
3.964835405349731445e+00
5.859819412231445312e+00
5.417780399322509766e+00
5.857036113739013672e+00
5.555720329284667969e+00
6.205681324005126953e+00
4.674595832824707031e+00
4.178092002868652344e+00
5.748784542083740234e+00
5.816534042358398438e+00
3.719648838043212891e+00
4.770844936370849609e+00
5.336648941040039062e+00
5.419624805450439453e+00
6.751342296600341797e+00
7.701843261718750000e+00
6.608194351196289062e+00
5.234956741333007812e+00
7.560286998748779297e+00
6.096697807312011719e+00
5.714126110076904297e+00
4.836576581001281738e-01
2.482085824012756348e-01
2.819984555244445801e-01
4.179309010505676270e-01
2.150469422340393066e-01
2.785646021366119385e-01
5.825138092041015625e-01
2.658481597900390625e-01
7.216733098030090332e-01
6.182539463043212891e-01
2.429837584495544434e-01
2.748663425445556641e-01
1.358443498611450195e-01
2.205213308334350586e-01
1.656530499458312988e-01
2.129416763782501221e-01
3.443965315818786621e-01
2.098929286003112793e-01
1.705387830734252930e-01
3.393329977989196777e-01
1.794995367527008057e-01
2.012328505516052246e-01
1.331404447555541992e-01
3.998056054115295410e-01
2.460777759552001953e-01
2.162895202636718750e-01
3.852885961532592773e-01
4.820545911788940430e-01
3.421774804592132568e-01
3.364693522453308105e-01
6.840790510177612305e-01
8.170799016952514648e-01
2.128409862518310547e+00
8.197293877601623535e-01
4.638276696205139160e-01
6.744381785392761230e-01
7.171897888183593750e-01
2.472438812255859375e-01
7.609022855758666992e-01
7.565440535545349121e-01
5.468788146972656250e-01
3.790192604064941406e-01
1.771074235439300537e-01
2.178550958633422852e-01
4.319296479225158691e-01
5.734384655952453613e-01
5.748143196105957031e-01
1.443220019340515137e+00
7.269670963287353516e-01
4.917462766170501709e-01
1.163411259651184082e+00
7.193321585655212402e-01
7.217504978179931641e-01
3.323172032833099365e-01
3.061602413654327393e-01
3.686111867427825928e-01
5.485938787460327148e-01
7.772408723831176758e-01
6.668187975883483887e-01
2.609488964080810547e-01
2.497625946998596191e-01
2.893736660480499268e-01
2.546337246894836426e-01
1.335045099258422852e-01
4.817275404930114746e-01
3.263317346572875977e-01
5.466357469558715820e-01
4.216837882995605469e-01
2.573668062686920166e-01
2.299268841743469238e-01
3.696693181991577148e-01
2.018468081951141357e-01
2.623611390590667725e-01
3.968557119369506836e-01
2.718803286552429199e-01
2.454568743705749512e-01
4.581269323825836182e-01
4.253464639186859131e-01
1.636448502540588379e-01
1.655993759632110596e-01
3.250105082988739014e-01
3.034615218639373779e-01
2.476289570331573486e-01
1.295698881149291992e-01
2.575716376304626465e-01
4.082937836647033691e-01
1.231053471565246582e+00
5.326027870178222656e-01
2.887828648090362549e-01
1.716041564941406250e-01
6.502327919006347656e-01
1.030093312263488770e+00
8.522677421569824219e-01
1.499429941177368164e+00
1.781332492828369141e+00
2.240774393081665039e+00
8.656118512153625488e-01
1.226366162300109863e+00
2.774541378021240234e-01
2.002284526824951172e-01
3.349740207195281982e-01
5.923286080360412598e-01
3.418815732002258301e-01
4.059203565120697021e-01
5.296223163604736328e-01
4.435254037380218506e-01
3.570766448974609375e-01
3.382911086082458496e-01
3.476374149322509766e-01
3.456906676292419434e-01
3.314973711967468262e-01
1.249939799308776855e+00
1.004265189170837402e+00
4.893856048583984375e-01
6.999937295913696289e-01
1.779042184352874756e-01
3.705987334251403809e-01
5.513756275177001953e-01
7.233322262763977051e-01
2.140977382659912109e+00
4.411234855651855469e-01
7.906956672668457031e-01
4.813245236873626709e-01
1.276158809661865234e+00
1.790358424186706543e+00
3.316537141799926758e-01
4.732043445110321045e-01
5.003730058670043945e-01
2.336251139640808105e-01
3.268902301788330078e-01
6.517755389213562012e-01
2.993858754634857178e-01
3.607616126537322998e-01
2.592961788177490234e-01
2.175920903682708740e-01
1.873914003372192383e-01
3.187085688114166260e-01
2.220566272735595703e-01
1.695391535758972168e-01
2.118752598762512207e-01
1.961347460746765137e-01
1.823979616165161133e-01
2.416675686836242676e-01
4.345695972442626953e-01
1.923163533210754395e-01
1.631298661231994629e-01
2.275363802909851074e-01
2.722128033638000488e-01
2.896223366260528564e-01
1.939929723739624023e-01
2.862234115600585938e-01
5.285071134567260742e-01
4.146117568016052246e-01
8.801282644271850586e-01
2.188144326210021973e-01
2.883398532867431641e-01
2.764492034912109375e-01
2.158870697021484375e-01
1.772326529026031494e-01
1.938335895538330078e-01
1.170199513435363770e-01
3.759986162185668945e-01
2.144095897674560547e-01
1.596350669860839844e-01
2.841818928718566895e-01
1.652743816375732422e-01
1.976648569107055664e-01
1.188439726829528809e-01
2.105411887168884277e-01
2.118314504623413086e-01
5.681255459785461426e-01
9.399597644805908203e-01
5.427100658416748047e-01
6.040326356887817383e-01
7.552764415740966797e-01
5.659270286560058594e-01
4.190143942832946777e-01
6.542607545852661133e-01
6.152665019035339355e-01
4.486237466335296631e-01
7.960789203643798828e-01
6.697133183479309082e-01
7.013235092163085938e-01
7.039211392402648926e-01
6.139047145843505859e-01
5.036432743072509766e-01
7.128539085388183594e-01
6.245153546333312988e-01
4.665845334529876709e-01
8.123445510864257812e-02
7.986373305320739746e-01
1.536915302276611328e-01
5.607439875602722168e-01
4.283248782157897949e-01
3.405173122882843018e-01
6.342595815658569336e-01
1.149899959564208984e+00
2.262872457504272461e-01
3.165154457092285156e-01
7.526757717132568359e-01
3.301596045494079590e-01
1.090922951698303223e+00
2.067147254943847656e+00
1.902136206626892090e+00
9.038486480712890625e-01
8.032059669494628906e-01
6.913191080093383789e-01
1.052378416061401367e+00
1.988452434539794922e+00
8.244431018829345703e-01
3.502507805824279785e-01
4.450869262218475342e-01
4.047570526599884033e-01
3.682264387607574463e-01
3.735266327857971191e-01
9.967799186706542969e-01
3.952091038227081299e-01
5.781797170639038086e-01
6.740629673004150391e-01
1.196502208709716797e+00
1.273630976676940918e+00
2.078724384307861328e+00
2.980011463165283203e+00
4.019813537597656250e+00
2.558373928070068359e+00
1.448539614677429199e+00
8.604563474655151367e-01
6.583811044692993164e-01
5.437648892402648926e-01
6.022354364395141602e-01
1.394377708435058594e+00
9.402121305465698242e-01
1.027813553810119629e+00
3.964565396308898926e-01
5.151872634887695312e-01
2.831225991249084473e-01
1.693596839904785156e-01
3.730193376541137695e-01
1.754967570304870605e-01
2.935804724693298340e-01
5.561057925224304199e-01
1.040756464004516602e+00
3.203683137893676758e+00
2.695060253143310547e+00
7.601600885391235352e-01
1.492120504379272461e+00
8.521947264671325684e-01
2.129127502441406250e+00
5.878483653068542480e-01
7.286717295646667480e-01
5.890627503395080566e-01
8.618437051773071289e-01
2.104113817214965820e+00
4.548310041427612305e-01
4.048867523670196533e-01
2.978972196578979492e-01
5.158081650733947754e-01
2.479298353195190430e+00
1.847632646560668945e+00
1.033432483673095703e+00
1.951725006103515625e+00
1.349724888801574707e+00
1.369268894195556641e+00
2.655908346176147461e+00
8.816990256309509277e-01
2.367285728454589844e+00
1.641514420509338379e+00
1.231824159622192383e+00
1.443352103233337402e+00
1.242110252380371094e+00
4.592766761779785156e-01
4.195624589920043945e-01
3.650460541248321533e-01
5.185685753822326660e-01
3.699840605258941650e-01
4.441947937011718750e-01
3.381216526031494141e-01
7.193371653556823730e-01
5.902354121208190918e-01
8.723998069763183594e-01
1.759264230728149414e+00
1.375943183898925781e+00
1.716361284255981445e+00
3.296066999435424805e+00
1.122740030288696289e+00
5.789772868156433105e-01
2.859606742858886719e-01
3.944089114665985107e-01
7.893379926681518555e-01
4.977976083755493164e-01
6.243943572044372559e-01
4.503473341464996338e-01
3.589299917221069336e-01
3.036789894104003906e-01
5.921750664710998535e-01
2.277739048004150391e-01
2.490891814231872559e-01
3.165512681007385254e-01
1.849034428596496582e-01
1.867544054985046387e-01
1.897349953651428223e-01
2.897973656654357910e-01
1.885719895362854004e-01
7.160961627960205078e-02
1.011090278625488281e-01
3.825243711471557617e-01
2.667201161384582520e-01
5.464011430740356445e-01
3.276922106742858887e-01
3.249311149120330811e-01
2.419182658195495605e-01
2.949635386466979980e-01
2.081911563873291016e-01
3.451728820800781250e-01
3.053405880928039551e-01
4.811499118804931641e-01
4.005609154701232910e-01
6.483086943626403809e-01
4.386107921600341797e-01
9.138622283935546875e-01
6.478798985481262207e-01
6.607201695442199707e-01
6.343358755111694336e-01
4.703401029109954834e-01
3.026431798934936523e-01
2.224463224411010742e-01
1.974462270736694336e-01
1.983343362808227539e-01
2.564932703971862793e-01
1.113529801368713379e-01
1.236243247985839844e-01
1.918373703956604004e-01
2.684788703918457031e-01
7.983589172363281250e-02
2.578049898147583008e-01
2.594645619392395020e-01
2.158813476562500000e-01
5.581772327423095703e-02
1.313926577568054199e-01
4.271063506603240967e-01
5.088419914245605469e-01
4.066151976585388184e-01
6.730383038520812988e-01
4.603114724159240723e-01
3.322069048881530762e-01
1.832883358001708984e-01
3.981059193611145020e-01
4.416160881519317627e-01
6.532226204872131348e-01
6.988875269889831543e-01
6.715777516365051270e-01
6.261577010154724121e-01
5.540156960487365723e-01
5.325738191604614258e-01
2.672220468521118164e-01
4.597091972827911377e-01
4.705714583396911621e-01
3.382185697555541992e-01
1.729454696178436279e-01
2.948337495326995850e-01
5.622143745422363281e-01
1.749596357345581055e+00
1.292635083198547363e+00
9.054300785064697266e-01
4.933087229728698730e-01
5.006086230278015137e-01
2.645480632781982422e-01
2.933894395828247070e-01
5.001864433288574219e-01
6.211116313934326172e-01
1.546810626983642578e+00
4.047045707702636719e-01
7.987942695617675781e-01
3.335298299789428711e-01
6.026567220687866211e-01
2.338269710540771484e+00
3.085530519485473633e+00
1.216769933700561523e+00
2.390681266784667969e+00
1.665414929389953613e+00
1.357533574104309082e+00
1.522532939910888672e+00
6.344018578529357910e-01
5.404585599899291992e-01
3.166800737380981445e-01
3.613550662994384766e-01
2.482269406318664551e-01
8.873636722564697266e-01
1.691121101379394531e+00
1.502332925796508789e+00
1.105290770530700684e+00
7.971841096878051758e-01
1.974384188652038574e+00
1.925450086593627930e+00
1.350102186203002930e+00
1.238523721694946289e+00
2.414862871170043945e+00
1.455926895141601562e+00
2.869259357452392578e+00
1.105770945549011230e+00
6.229647994041442871e-01
3.232001066207885742e-01
3.742117881774902344e-01
2.392190098762512207e-01
4.105333089828491211e-01
1.917088031768798828e-01
1.711754798889160156e-01
2.255418896675109863e-01
3.036694526672363281e-01
7.487747669219970703e-01
3.343562483787536621e-01
1.218861937522888184e-01
2.312397956848144531e-01
5.179205536842346191e-01
7.565553188323974609e-01
2.584207057952880859e+00
2.598945140838623047e+00
1.575487613677978516e+00
2.037417173385620117e+00
3.463864564895629883e+00
2.609002351760864258e+00
1.563672542572021484e+00
9.203823208808898926e-01
4.204496741294860840e-01
4.123710393905639648e-01
7.623996734619140625e-01
5.709984302520751953e-01
8.261812329292297363e-01
1.526725053787231445e+00
6.009622812271118164e-01
1.343586683273315430e+00
5.152878165245056152e-01
2.516478896141052246e-01
1.556992530822753906e-01
1.627901196479797363e-01
3.400045633316040039e-01
3.817984461784362793e-01
7.569977641105651855e-01
5.456577539443969727e-01
2.591051459312438965e-01
2.580355107784271240e-01
2.917178273200988770e-01
4.132637083530426025e-01
6.162778139114379883e-01
6.706752777099609375e-01
2.576645612716674805e-01
6.705452799797058105e-01
2.094065904617309570e+00
2.074067831039428711e+00
7.567154765129089355e-01
6.003060340881347656e-01
6.633446216583251953e-01
5.575839281082153320e-01
2.094020843505859375e-01
2.333517670631408691e-01
2.833006978034973145e-01
2.875747978687286377e-01
6.814358234405517578e-01
5.462505817413330078e-01
2.850993871688842773e-01
2.633715867996215820e-01
4.608470499515533447e-01
5.625412464141845703e-01
5.165907144546508789e-01
6.831544041633605957e-01
7.158901691436767578e-01
5.994908809661865234e-01
4.915886521339416504e-01
5.743873119354248047e-01
9.288929700851440430e-01
1.970140099525451660e+00
1.442025423049926758e+00
3.667991161346435547e+00
2.483728885650634766e+00
9.022158980369567871e-01
7.935559153556823730e-01
8.187440037727355957e-01
7.034540772438049316e-01
4.395098686218261719e-01
4.424368143081665039e-01
2.107602953910827637e-01
3.099713623523712158e-01
7.781630158424377441e-01
2.800092101097106934e-01
2.164370417594909668e-01
6.164430379867553711e-01
1.004459261894226074e-01
5.062380433082580566e-01
8.112684488296508789e-01
1.221115350723266602e+00
1.634584546089172363e+00
2.197666168212890625e+00
1.309353113174438477e+00
3.000673770904541016e+00
2.571774244308471680e+00
6.990326642990112305e-01
8.426278829574584961e-01
2.820535898208618164e+00
9.322576522827148438e-01
8.845201730728149414e-01
1.554615736007690430e+00
1.165221810340881348e+00
8.143366575241088867e-01
6.357372999191284180e-01
6.115351915359497070e-01
1.396193742752075195e+00
8.151566982269287109e-01
1.357974290847778320e+00
2.077385425567626953e+00
1.575294137001037598e+00
5.064070224761962891e-01
2.047641277313232422e+00
6.376776695251464844e-01
2.025296688079833984e+00
1.097761511802673340e+00
8.543481826782226562e-01
5.978296399116516113e-01
9.528724551200866699e-01
8.809152841567993164e-01
6.647996306419372559e-01
5.845996141433715820e-01
3.660089969635009766e-01
1.054190039634704590e+00
9.996701478958129883e-01
3.678498864173889160e-01
1.359024047851562500e-01
2.509832382202148438e-01
2.493702769279479980e-01
2.355461418628692627e-01
3.278635740280151367e-01
4.227060675621032715e-01
1.395804882049560547e+00
3.129059791564941406e+00
1.647548079490661621e+00
1.472825527191162109e+00
6.185810565948486328e-01
9.258294105529785156e-01
1.142665505409240723e+00
1.064709782600402832e+00
7.884025573730468750e-01
9.778541922569274902e-01
8.522737622261047363e-01
5.877381563186645508e-01
5.020198822021484375e-01
5.621377229690551758e-01
1.086293578147888184e+00
8.297467231750488281e-01
6.689845323562622070e-01
2.462173700332641602e-01
2.832755744457244873e-01
3.144155740737915039e-01
6.110038757324218750e-01
1.418232917785644531e+00
3.566522896289825439e-01
1.474365472793579102e+00
4.539206027984619141e-01
1.556797027587890625e+00
1.380846738815307617e+00
2.388491153717041016e+00
1.063043951988220215e+00
4.647349715232849121e-01
6.766243577003479004e-01
5.517424345016479492e-01
4.147387146949768066e-01
6.033704280853271484e-01
5.426471829414367676e-01
5.918012857437133789e-01
1.418857574462890625e-01
4.063740372657775879e-01
6.352474093437194824e-01
3.117695152759552002e-01
3.749465942382812500e-02
1.278458833694458008e-01
2.496945858001708984e-01
4.151348471641540527e-01
1.133213043212890625e-01
1.340349912643432617e-01
1.326981782913208008e-01
2.105661332607269287e-01
3.209647238254547119e-01
2.396310567855834961e-01
2.089129686355590820e-01
7.068983912467956543e-01
5.102304816246032715e-01
2.544913887977600098e-01
3.924246132373809814e-01
3.055714368820190430e-01
2.971663475036621094e-01
2.813633382320404053e-01
2.198612987995147705e-01
5.278308987617492676e-01
7.078721523284912109e-01
4.434663653373718262e-01
3.125848472118377686e-01
5.825701951980590820e-01
7.409639358520507812e-01
3.356972932815551758e-01
8.194212913513183594e-01
3.811932802200317383e-01
6.539334654808044434e-01
5.645898580551147461e-01
1.226618766784667969e+00
9.341170787811279297e-01
1.200640797615051270e+00
1.568424940109252930e+00
8.219915628433227539e-01
3.595054447650909424e-01
4.895907640457153320e-01
6.867607235908508301e-01
8.711228370666503906e-01
5.765171051025390625e-01
4.832104444503784180e-01
3.685213029384613037e-01
5.079909563064575195e-01
5.526233315467834473e-01
2.349318504333496094e+00
1.053681254386901855e+00
7.013548612594604492e-01
6.919009089469909668e-01
6.363190412521362305e-01
7.168034315109252930e-01
5.677942633628845215e-01
5.732735991477966309e-01
5.249954462051391602e-01
1.150282859802246094e+00
6.104143857955932617e-01
6.102184057235717773e-01
1.139185786247253418e+00
7.518233060836791992e-01
6.864579916000366211e-01
1.050747156143188477e+00
7.142388820648193359e-01
9.475532770156860352e-01
6.788962483406066895e-01
4.147909879684448242e-01
6.535358428955078125e-01
1.011311650276184082e+00
3.150310516357421875e-01
4.409088492393493652e-01
5.017682313919067383e-01
3.333967328071594238e-01
4.860083460807800293e-01
9.760926365852355957e-01
1.633811473846435547e+00
3.046454906463623047e+00
2.290923357009887695e+00
4.513290882110595703e+00
4.862316131591796875e+00
4.268345832824707031e+00
1.366920232772827148e+00
7.935347557067871094e-01
4.263232350349426270e-01
5.993085503578186035e-01
6.769029498100280762e-01
3.590888977050781250e-01
4.126825332641601562e-01
3.388380408287048340e-01
2.180823385715484619e-01
1.772125363349914551e-01
6.448972225189208984e-02
7.576817274093627930e-02
1.737338900566101074e-01
1.508975028991699219e-01
2.312150001525878906e-01
7.115648388862609863e-01
4.422389268875122070e-01
4.235871434211730957e-01
3.455132842063903809e-01
3.876081109046936035e-01
2.811763286590576172e-01
2.230182588100433350e-01
2.222582697868347168e-01
3.692544102668762207e-01
4.717126786708831787e-01
2.866919636726379395e-01
4.073618054389953613e-01
2.197861075401306152e-01
2.005286216735839844e-01
3.063233196735382080e-01
1.756684780120849609e-01
2.589521110057830811e-01
2.988429963588714600e-01
1.585026979446411133e-01
2.209341228008270264e-01
2.461380660533905029e-01
1.968042254447937012e-01
9.188812971115112305e-02
8.490836620330810547e-02
9.472095966339111328e-02
5.833077430725097656e-02
8.703768253326416016e-02
5.648124217987060547e-02
8.772385120391845703e-02
6.118392944335937500e-02
4.507851600646972656e-02
6.224083900451660156e-02
1.100401282310485840e-01
7.905870676040649414e-02
9.403210878372192383e-02
1.318496465682983398e-01
1.790334880352020264e-01
2.050269842147827148e-01
1.976822018623352051e-01
1.693893671035766602e-01
2.547272443771362305e-01
2.667605876922607422e-01
9.529936313629150391e-02
1.079856157302856445e-01
2.373789548873901367e-01
2.060154676437377930e-01
3.454702496528625488e-01
4.092870354652404785e-01
3.704990744590759277e-01
3.203913867473602295e-01
2.194529771804809570e-01
5.915182232856750488e-01
6.031227111816406250e-01
4.990610480308532715e-01
2.353523969650268555e-01
5.231496691703796387e-01
5.178320407867431641e-01
3.575877249240875244e-01
5.679938793182373047e-01
1.466149330139160156e+00
9.974504709243774414e-01
2.422869205474853516e+00
5.368865728378295898e-01
3.794449567794799805e-01
4.172685146331787109e-01
4.452531337738037109e-01
5.281628370285034180e-01
2.957935333251953125e-01
3.083390593528747559e-01
4.930371642112731934e-01
6.836917996406555176e-01
3.705500364303588867e-01
3.009444475173950195e-01
2.832745909690856934e-01
1.386269211769104004e+00
8.394585847854614258e-01
5.019236803054809570e-01
4.373191893100738525e-01
3.207060992717742920e-01
6.236361265182495117e-01
7.279752492904663086e-01
9.180783629417419434e-01
5.953193902969360352e-01
6.693739891052246094e-01
4.084948599338531494e-01
6.816294193267822266e-01
2.178573608398437500e-01
2.823467254638671875e-01
2.664574980735778809e-01
3.827475309371948242e-01
2.320393323898315430e-01
2.483787536621093750e-01
2.265822291374206543e-01
2.497882246971130371e-01
1.870645284652709961e-01
2.290133237838745117e-01
4.557137489318847656e-01
2.207723259925842285e-01
2.193030118942260742e-01
1.679624617099761963e-01
1.391276121139526367e-01
1.550083160400390625e-01
2.681450247764587402e-01
2.232351899147033691e-01
5.263428688049316406e-01
3.402233123779296875e-01
3.831822574138641357e-01
1.116788983345031738e-01
3.202387988567352295e-01
3.588789999485015869e-01
2.480269074440002441e-01
2.719510793685913086e-01
3.308160305023193359e-01
2.959080338478088379e-01
2.868144810199737549e-01
3.671316802501678467e-01
2.857314348220825195e-01
1.325859427452087402e-01
2.562292814254760742e-01
6.626951694488525391e-01
5.661116838455200195e-01
5.731869935989379883e-01
6.254580616950988770e-01
8.364775776863098145e-01
7.318224906921386719e-01
4.685831069946289062e-01
6.487865447998046875e-01
7.086202502250671387e-01
8.495857715606689453e-01
2.937435626983642578e+00
1.299701929092407227e+00
2.371223926544189453e+00
3.286215782165527344e+00
2.390019416809082031e+00
2.167431592941284180e+00
2.672205448150634766e+00
2.599455833435058594e+00
1.932049393653869629e+00
5.376866340637207031e+00
6.161140441894531250e+00
4.510821819305419922e+00
3.832004785537719727e+00
4.020833492279052734e+00
4.591492176055908203e+00
4.197961807250976562e+00
3.090736865997314453e+00
1.104808092117309570e+00
5.993336439132690430e-01
7.392691373825073242e-01
2.009589195251464844e+00
3.466711997985839844e+00
3.553119003772735596e-01
2.482819557189941406e-01
3.246577978134155273e-01
4.004676342010498047e-01
5.840010046958923340e-01
2.801302075386047363e-01
2.461981773376464844e-01
2.818148732185363770e-01
2.796422243118286133e-01
9.921371936798095703e-02
2.086040079593658447e-01
2.288220226764678955e-01
1.893715262413024902e-01
3.756030499935150146e-01
9.934920072555541992e-02
1.576445698738098145e-01
2.783411741256713867e-01
3.735195994377136230e-01
5.849644541740417480e-01
2.983444631099700928e-01
5.488419532775878906e-01
3.404490351676940918e-01
4.678345024585723877e-01
5.971975922584533691e-01
3.481989800930023193e-01
3.194979429244995117e-01
4.403235316276550293e-01
5.834304094314575195e-01
4.101052284240722656e-01
3.565280139446258545e-01
1.689892411231994629e-01
2.820802032947540283e-01
2.462326884269714355e-01
2.775231301784515381e-01
1.077181100845336914e-01
1.700572371482849121e-01
1.020104289054870605e-01
1.683349609375000000e-01
2.423529624938964844e-01
3.885433077812194824e-01
3.775295615196228027e-01
4.668356180191040039e-01
4.091001152992248535e-01
5.488069057464599609e-01
4.433795213699340820e-01
6.890580654144287109e-01
4.424162507057189941e-01
2.579897642135620117e-01
6.219864487648010254e-01
4.139013290405273438e-01
8.032909631729125977e-01
3.874006569385528564e-01
1.160058140754699707e+00
1.132296085357666016e+00
9.159331321716308594e-01
3.175588250160217285e-01
4.558705091476440430e-01
3.213705420494079590e-01
2.270660400390625000e-01
1.907562017440795898e-01
1.951348185539245605e-01
2.197584807872772217e-01
2.752887308597564697e-01
2.757074832916259766e-01
1.763784289360046387e-01
5.123624801635742188e-01
4.753510355949401855e-01
3.300578594207763672e-01
3.729502856731414795e-01
5.072816610336303711e-01
3.464234471321105957e-01
2.280673384666442871e-01
3.054001331329345703e-01
3.451884388923645020e-01
2.247298955917358398e-01
5.165811777114868164e-01
2.107889652252197266e-01
2.728573381900787354e-01
1.615880131721496582e-01
2.709952592849731445e-01
1.230097532272338867e+00
3.620431423187255859e-01
3.025448322296142578e-01
2.519560456275939941e-01
2.507252097129821777e-01
5.558868050575256348e-01
9.427561759948730469e-01
4.240783154964447021e-01
3.685747087001800537e-01
3.987862467765808105e-01
8.576283454895019531e-01
4.404993653297424316e-01
4.261615276336669922e-01
3.725570440292358398e-01
2.115696072578430176e-01
3.030809462070465088e-01
3.110174536705017090e-01
5.963102579116821289e-01
3.978599309921264648e-01
4.675151705741882324e-01
4.129753112792968750e-01
5.973155498504638672e-01
1.553352475166320801e-01
4.892166554927825928e-01
4.400729835033416748e-01
5.969615578651428223e-01
4.710648059844970703e-01
2.821946442127227783e-01
6.554779410362243652e-01
7.300863265991210938e-01
6.067544221878051758e-01
3.307091891765594482e-01
3.528533577919006348e-01
5.444748401641845703e-01
1.073122262954711914e+00
8.560496568679809570e-01
2.212628126144409180e+00
2.671604156494140625e+00
2.128492593765258789e+00
2.793631315231323242e+00
1.592059850692749023e+00
5.480014085769653320e-01
6.740618944168090820e-01
3.335862457752227783e-01
3.558848500251770020e-01
4.002042114734649658e-01
4.001753330230712891e-01
3.446907997131347656e-01
3.380748629570007324e-01
3.874137997627258301e-01
2.733979225158691406e-01
2.313101291656494141e-01
1.970781683921813965e-01
1.851897835731506348e-01
2.681620717048645020e-01
2.431530058383941650e-01
5.855066776275634766e-01
4.052780270576477051e-01
3.966442942619323730e-01
1.695792198181152344e+00
8.870894312858581543e-01
1.570136547088623047e+00
1.398582935333251953e+00
4.525192975997924805e-01
1.399872541427612305e+00
1.562674641609191895e+00
1.243847012519836426e+00
1.089573383331298828e+00
1.764074325561523438e+00
2.072317361831665039e+00
3.182946681976318359e+00
2.248107433319091797e+00
1.957021832466125488e+00
1.748355865478515625e+00
2.221139192581176758e+00
5.799354910850524902e-01
4.082464575767517090e-01
4.559264183044433594e-01
4.315336346626281738e-01
8.583329916000366211e-01
4.440999627113342285e-01
4.801573157310485840e-01
1.288604259490966797e+00
4.307425022125244141e-01
3.051704764366149902e-01
3.387376964092254639e-01
2.937652170658111572e-01
2.962749600410461426e-01
2.560638189315795898e-01
5.202021002769470215e-01
9.538826942443847656e-01
4.063681662082672119e-01
3.895085453987121582e-01
3.816336393356323242e-01
3.808180093765258789e-01
2.826661467552185059e-01
1.826856851577758789e+00
5.109488964080810547e-01
3.502125144004821777e-01
3.030749857425689697e-01
3.348087072372436523e-01
1.638022065162658691e-01
2.785026729106903076e-01
2.747628986835479736e-01
1.945033371448516846e-01
3.234689235687255859e-01
2.394570708274841309e-01
2.707073688507080078e-01
2.894155383110046387e-01
2.599245905876159668e-01
2.598472237586975098e-01
3.124112486839294434e-01
3.282135128974914551e-01
3.562480509281158447e-01
3.587414026260375977e-01
3.225549757480621338e-01
3.877016007900238037e-01
4.023997783660888672e-01
4.323728680610656738e-01
4.706279933452606201e-01
7.408638000488281250e-01
3.965865373611450195e-01
6.171872019767761230e-01
1.048781394958496094e+00
7.767386436462402344e-01
4.075072705745697021e-01
3.852472305297851562e-01
3.283293247222900391e-01
3.606604933738708496e-01
2.807218432426452637e-01
2.453473806381225586e-01
2.329500913619995117e-01
3.428228497505187988e-01
3.052445650100708008e-01
3.909474313259124756e-01
2.147530913352966309e-01
3.578580021858215332e-01
3.137621283531188965e-01
2.573909163475036621e-01
2.573867738246917725e-01
2.596034407615661621e-01
1.933757066726684570e-01
1.355452537536621094e-01
1.021043062210083008e-01
1.337177157402038574e-01
1.579828858375549316e-01
1.510195732116699219e-01
1.208485364913940430e-01
1.050090789794921875e-01
8.454817533493041992e-02
1.226639747619628906e-01
1.483929753303527832e-01
1.920207142829895020e-01
2.576436996459960938e-01
8.021175861358642578e-02
1.181297898292541504e-01
1.399503350257873535e-01
2.408508360385894775e-01
2.611307501792907715e-01
1.629275977611541748e-01
1.717494726181030273e-01
2.810392379760742188e-01
2.307699322700500488e-01
2.764083743095397949e-01
2.748952209949493408e-01
3.596600592136383057e-01
4.428744316101074219e-01
2.341222047805786133e+00
6.560253500938415527e-01
3.461452722549438477e-01
1.863464117050170898e-01
3.047144114971160889e-01
2.617481052875518799e-01
3.254782557487487793e-01
1.449190378189086914e-01
2.454422116279602051e-01
1.162162423133850098e-01
2.255072593688964844e-01
1.905349493026733398e-01
7.971384525299072266e-01
8.392155766487121582e-01
8.244357109069824219e-01
1.092605710029602051e+00
1.473112344741821289e+00
1.992639064788818359e+00
1.152589917182922363e+00
1.488837242126464844e+00
7.531584501266479492e-01
3.649441003799438477e-01
3.632533550262451172e-01
1.478156089782714844e+00
5.367974042892456055e-01
3.958652615547180176e-01
3.754982054233551025e-01
4.360157251358032227e-01
5.490248799324035645e-01
3.675594925880432129e-01
3.673241734504699707e-01
3.845982849597930908e-01
4.848265051841735840e-01
4.643050432205200195e-01
9.134250283241271973e-01
4.226697087287902832e-01
1.525532007217407227e+00
8.049858808517456055e-01
3.756194412708282471e-01
2.945744693279266357e-01
3.225509524345397949e-01
2.356512248516082764e-01
2.339441180229187012e-01
2.743347883224487305e-01
1.155821084976196289e-01
4.833185672760009766e-02
3.135788440704345703e-02
4.270064830780029297e-02
7.306247949600219727e-02
9.024262428283691406e-03
7.029950618743896484e-03
0.000000000000000000e+00
1.361280679702758789e-01
3.087290227413177490e-01
8.515745401382446289e-02
6.193828582763671875e-02
1.183747053146362305e-01
1.716215014457702637e-01
2.349267005920410156e-01
9.103735089302062988e-01
4.230616688728332520e-01
4.490651488304138184e-01
3.300761878490447998e-01
2.631484568119049072e-01
2.868804931640625000e-01
2.741586267948150635e-01
1.542952060699462891e-01
3.063184618949890137e-01
4.328191578388214111e-01
2.423824071884155273e-01
1.843808889389038086e-01
3.439120650291442871e-01
2.430092990398406982e-01
2.060495615005493164e-01
2.858961224555969238e-01
2.643010020256042480e-01
2.226428091526031494e-01
3.303111195564270020e-01
2.695418000221252441e-01
3.375894725322723389e-01
3.499815464019775391e-01
2.715213894844055176e-01
4.738036990165710449e-01
4.820722341537475586e-01
4.514525830745697021e-01
3.293645679950714111e-01
3.242369592189788818e-01
4.357369244098663330e-01
5.073022842407226562e-01
3.151499629020690918e-01
4.485264122486114502e-01
2.339319288730621338e-01
3.177726566791534424e-01
4.225067794322967529e-01
4.085033535957336426e-01
4.087676703929901123e-01
4.102699160575866699e-01
3.971350491046905518e-01
4.639407396316528320e-01
4.619501531124114990e-01
9.388093352317810059e-01
8.630501031875610352e-01
5.657793283462524414e-01
4.171789288520812988e-01
3.619506955146789551e-01
4.769711196422576904e-01
4.425298273563385010e-01
9.916893839836120605e-01
9.084510803222656250e-01
2.568444013595581055e+00
5.398839116096496582e-01
7.116276025772094727e-01
4.659575223922729492e-01
4.047649800777435303e-01
3.802323937416076660e-01
5.311868190765380859e-01
5.607572793960571289e-01
5.178869962692260742e-01
1.113308668136596680e+00
3.692461848258972168e-01
7.056386470794677734e-01
7.469518780708312988e-01
5.179959535598754883e-01
2.577961087226867676e-01
2.248027324676513672e-01
2.963315248489379883e-01
3.663428723812103271e-01
5.386281013488769531e-01
3.523122966289520264e-01
2.974044382572174072e-01
2.394102215766906738e-01
5.991293787956237793e-01
1.679189205169677734e-01
1.309878230094909668e-01
1.167438864707946777e+00
1.383877754211425781e+00
8.208323717117309570e-01
2.189088582992553711e+00
1.524410247802734375e+00
4.142058491706848145e-01
5.056023597717285156e-01
9.999421834945678711e-01
7.111243605613708496e-01
1.589961528778076172e+00
6.036517620086669922e-01
7.855359315872192383e-01
1.491074323654174805e+00
8.001040816307067871e-01
5.668727159500122070e-01
2.956895828247070312e-01
1.013760566711425781e-01
2.071805000305175781e-01
1.182057857513427734e-01
1.263167262077331543e-01
4.379731416702270508e-02
1.306920647621154785e-01
9.083390235900878906e-02
7.658458948135375977e-01
2.150227069854736328e+00
3.183569669723510742e+00
1.287857174873352051e+00
1.075271010398864746e+00
8.428094387054443359e-01
1.766304135322570801e+00
4.673178791999816895e-01
1.451151967048645020e+00
1.601443290710449219e+00
4.106314778327941895e-01
5.314233899116516113e-01
7.673162221908569336e-01
8.060317039489746094e-01
5.442287325859069824e-01
5.904734730720520020e-01
5.661127567291259766e-01
4.025298058986663818e-01
5.023780465126037598e-01
4.157443344593048096e-01
4.072138667106628418e-01
5.594851970672607422e-01
2.253112792968750000e-01
3.983111381530761719e-01
3.249769806861877441e-01
4.470876753330230713e-01
3.197355568408966064e-01
3.049054145812988281e-01
2.967131137847900391e-01
4.870845675468444824e-01
4.875124692916870117e-01
4.098582863807678223e-01
3.765119314193725586e-01
5.939137339591979980e-01
6.934932470321655273e-01
5.589576363563537598e-01
5.174950957298278809e-01
4.411637783050537109e-01
3.877224326133728027e-01
4.533246159553527832e-01
5.224629640579223633e-01
4.768430292606353760e-01
4.773571193218231201e-01
5.037977695465087891e-01
3.790431022644042969e-01
5.387293100357055664e-01
8.478843569755554199e-01
2.414492964744567871e-01
2.857195138931274414e-01
2.180269062519073486e-01
2.918792366981506348e-01
1.942319571971893311e-01
2.671667933464050293e-01
3.340097367763519287e-01
1.187758445739746094e-01
2.100246548652648926e-01
2.664286494255065918e-01
2.715382874011993408e-01
2.245015799999237061e-01
2.332779765129089355e-01
1.895467340946197510e-01
2.638269066810607910e-01
3.886241316795349121e-01
2.837575674057006836e-01
2.677393555641174316e-01
1.033524274826049805e-01
2.269324362277984619e-01
2.188147604465484619e-01
3.326418399810791016e-01
3.084162771701812744e-01
3.321101963520050049e-01
3.070426285266876221e-01
2.092049717903137207e-01
3.460190296173095703e-01
3.181725144386291504e-01
2.236741781234741211e-01
1.290386319160461426e-01
2.245350182056427002e-01
2.761265039443969727e-01
2.468097805976867676e-01
1.980688273906707764e-01
7.121014595031738281e-02
1.366953849792480469e-01
9.482681751251220703e-02
2.219882011413574219e-01
2.564559876918792725e-01
2.438418269157409668e-01
2.821239233016967773e-01
1.516164839267730713e-01
3.448579609394073486e-01
2.494931519031524658e-01
2.818737626075744629e-01
2.228215932846069336e-01
2.073084414005279541e-01
1.465671658515930176e-01
8.986866474151611328e-02
1.385866403579711914e-01
1.039130091667175293e-01
5.418276786804199219e-02
1.643843948841094971e-01
2.616935372352600098e-01
2.913452386856079102e-01
2.304870486259460449e-01
2.651312947273254395e-01
2.911102771759033203e-01
2.596279680728912354e-01
2.760546207427978516e-01
2.526161670684814453e-01
2.973557114601135254e-01
2.407399415969848633e-01
2.675257623195648193e-01
4.020782113075256348e-01
4.212321341037750244e-01
3.782362043857574463e-01
3.034468591213226318e-01
3.447271883487701416e-01
2.639112770557403564e-01
9.661918878555297852e-02
5.194419622421264648e-02
2.430254220962524414e-01
1.237402558326721191e-01
3.926718235015869141e-02
2.087426781654357910e-01
2.107613086700439453e-01
2.090807557106018066e-01
1.194387674331665039e-01
2.360723018646240234e-01
1.815386712551116943e-01
1.891635954380035400e-01
1.328526139259338379e-01
7.437598705291748047e-02
1.839526891708374023e-01
1.384995579719543457e-01
1.995183825492858887e-01
1.741288602352142334e-01
2.152059078216552734e-01
1.106805801391601562e-01
1.187871694564819336e-01
5.446100234985351562e-02
1.443550586700439453e-01
2.299730777740478516e-01
2.268656790256500244e-01
3.935583829879760742e-01
7.134246826171875000e-02
1.284021139144897461e-01
1.857382059097290039e-02
8.678591251373291016e-02
1.692346334457397461e-01
3.246177434921264648e-01
8.604485392570495605e-01
4.019732177257537842e-01
4.010088741779327393e-01
3.320701122283935547e-01
2.877450585365295410e-01
1.807392239570617676e-01
2.442567050457000732e-01
2.495308518409729004e-01
7.184206843376159668e-01
5.638055205345153809e-01
5.548826456069946289e-01
3.316261172294616699e-01
2.018726468086242676e-01
2.941263020038604736e-01
1.259230971336364746e-01
3.959747552871704102e-01
7.476231455802917480e-01
5.104442834854125977e-01
4.625563323497772217e-01
7.500070929527282715e-01
6.021198034286499023e-01
3.386722207069396973e-01
5.208482742309570312e-01
3.550862669944763184e-01
3.257744312286376953e-01
4.073682725429534912e-01
4.482252597808837891e-01
3.102089762687683105e-01
3.027820289134979248e-01
2.169473767280578613e-01
1.601027846336364746e-01
3.000597357749938965e-01
2.587758302688598633e-01
1.248275041580200195e-01
2.648999691009521484e-01
2.284013032913208008e-01
4.855714738368988037e-01
9.212386608123779297e-02
2.230008244514465332e-01
3.349522948265075684e-01
2.186446189880371094e-01
2.508613467216491699e-01
2.212900221347808838e-01
3.253463506698608398e-01
2.877595424652099609e-01
3.631912767887115479e-01
2.266364693641662598e-01
4.371016919612884521e-01
2.902140021324157715e-01
4.370319247245788574e-01
4.571726322174072266e-01
2.782024145126342773e-01
2.062924504280090332e-01
2.251707017421722412e-01
4.067173004150390625e-01
6.324738860130310059e-01
2.700715959072113037e-01
3.068040311336517334e-01
2.142724096775054932e-01
3.993531465530395508e-01
2.550629377365112305e-01
2.901091873645782471e-01
2.446877360343933105e-01
3.925632536411285400e-01
2.885537445545196533e-01
2.893198132514953613e-01
3.000851869583129883e-01
1.786496639251708984e-01
2.283946275711059570e-01
2.402250468730926514e-01
2.341256141662597656e-01
1.620762348175048828e-01
9.571862220764160156e-02
1.984483003616333008e-01
3.477140963077545166e-01
4.473436772823333740e-01
5.444457530975341797e-01
3.229372501373291016e-01
3.545804619789123535e-01
2.467496693134307861e-01
3.192144334316253662e-01
6.252368092536926270e-01
5.408950448036193848e-01
2.848033905029296875e-01
2.461925745010375977e-01
1.234496831893920898e-01
2.152347862720489502e-01
1.093989014625549316e-01
2.702214121818542480e-01
2.875188589096069336e-01
7.989636659622192383e-01
6.005930900573730469e-01
4.993772208690643311e-01
3.615709543228149414e-01
2.270318865776062012e-01
2.047534584999084473e-01
3.055379986763000488e-01
3.334683179855346680e-01
4.560193121433258057e-01
8.725968003273010254e-01
4.109360277652740479e-01
3.278837800025939941e-01
3.496642708778381348e-01
2.710278034210205078e-01
5.012388229370117188e-01
1.025706171989440918e+00
7.292376756668090820e-01
