8.851749041416057935e+02
9.894817763307943324e+02
9.485829308701903528e+02
8.596189756144409557e+02
7.977279923499917231e+02
1.005934446082442491e+03
1.024911345271372966e+03
9.968666793195208129e+02
1.072451385311994954e+03
1.068123841177780605e+03
1.125974326369078199e+03
1.048884434645733563e+03
9.611024797307353538e+02
1.092332748541919045e+03
1.068999797141944555e+03
1.090839262077374997e+03
1.085096815098243951e+03
9.990103963857500275e+02
9.315149562256300442e+02
1.043254190038825982e+03
9.954196310386874984e+02
9.902375114486025041e+02
9.939579214314692308e+02
9.902375114486025041e+02
9.961449694398195334e+02
8.897845456005510414e+02
1.004575966138268200e+03
1.043775207232360344e+03
9.434628227636725342e+02
9.413627929024173682e+02
9.743151394112500157e+02
1.016992500144231258e+03
9.554588851677638104e+02
1.103066713624694103e+03
1.056224242422107181e+03
1.032418054661874066e+03
8.927777962082341219e+02
1.048381577726425576e+03
1.015734693536284340e+03
9.611024797307353538e+02
1.022520743694350131e+03
1.050382573799575084e+03
9.734709620225837625e+02
9.808964174919260586e+02
8.558420713268664031e+02
9.315149562256300442e+02
1.040087943628218454e+03
1.045840661323653194e+03
9.665335917185176413e+02
1.112412131182918756e+03
9.620219825507487030e+02
9.665335917185176413e+02
9.147204924942227535e+02
9.583082767502933166e+02
9.095397022792557209e+02
9.961449694398195334e+02
8.912889336229960691e+02
1.068562483972635391e+03
1.128308835302400212e+03
9.475733430966398601e+02
1.074567432400213420e+03
9.982993574694310155e+02
9.370687406807217030e+02
9.647458426454919618e+02
9.221587121264806228e+02
1.023122118071118621e+03
1.025502856981873038e+03
1.039016895620018204e+03
9.315149562256300442e+02
1.044811630540946453e+03
9.932214751968384689e+02
1.044294349584872862e+03
9.682994583681683025e+02
1.023720996075502171e+03
9.583082767502933166e+02
1.060917873814197947e+03
9.638435913990472272e+02
1.143671154213721366e+03
9.269126679149417214e+02
1.021310421964190596e+03
9.233619676759701633e+02
9.656424863277781014e+02
1.023122118071118621e+03
7.247927513443585212e+02
9.068778277985412615e+02
9.095397022792557209e+02
9.879583249612784357e+02
9.147204924942227535e+02
9.303780748177101714e+02
7.149747119504681905e+02
9.197216693110052574e+02
9.759888183221834197e+02
1.010590850857115811e+03
1.036850646150769307e+03
1.031854280970272384e+03
9.909893083770041358e+02
1.025502856981873038e+03
1.094178124227853004e+03
1.030720080914080881e+03
9.315149562256300442e+02
1.003891898929230251e+03
9.961449694398195334e+02
8.957102041562286558e+02
1.024317398347295239e+03
9.337621901992507674e+02
1.023720996075502171e+03
9.535275376620802490e+02
9.465566404809399046e+02
9.887220615468385176e+02
9.245552706255681414e+02
9.326429487122302362e+02
1.039016895620018204e+03
1.005934446082442491e+03
1.072451385311994954e+03
9.445014845868422526e+02
1.013827180017222190e+03
1.171080643369935160e+03
9.554588851677638104e+02
9.832890014164740933e+02
1.031854280970272384e+03
9.564149489985732089e+02
1.052356195605701259e+03
9.832890014164740933e+02
9.134426320220926527e+02
8.971543553950772321e+02
1.088950396341147552e+03
9.784634845557521885e+02
9.784634845557521885e+02
9.734709620225837625e+02
8.820178962415187698e+02
9.000000000000000000e+02
1.048884434645733563e+03
9.525520809095070263e+02
9.768184324776926815e+02
9.726218159332198638e+02
1.128598010592821311e+03
9.751544059089098937e+02
1.021310421964190596e+03
9.303780748177101714e+02
1.030149619498254879e+03
9.315149562256300442e+02
9.709083812550343282e+02
9.768184324776926815e+02
8.897845456005510414e+02
1.123002043570563501e+03
9.455327220304560569e+02
1.070735913208088277e+03
1.092703716872029418e+03
1.030720080914080881e+03
1.037395265537019213e+03
1.017617314910748973e+03
1.050382573799575084e+03
1.032979633822070127e+03
9.515699838284042471e+02
1.071596199025514352e+03
1.018239435340452928e+03
1.083130724380205038e+03
1.074986942739684309e+03
1.035204342579543209e+03
1.079116288855501807e+03
1.056224242422107181e+03
1.007280253454420745e+03
8.721099188707185021e+02
1.099576715087780258e+03
1.122701419364913363e+03
1.074567432400213420e+03
1.051865315567338939e+03
1.113057056280542611e+03
9.573647187493321553e+02
1.035204342579543209e+03
9.717676423066395728e+02
9.674192268145683329e+02
9.932214751968384689e+02
1.047370574961941657e+03
9.082149041353870871e+02
1.037937836707126053e+03
9.792790294301063341e+02
1.024317398347295239e+03
1.031288295528435583e+03
9.776433032444733726e+02
9.525520809095070263e+02
9.682994583681683025e+02
1.271896091198420891e+03
1.215545073131213712e+03
1.087036471958340371e+03
1.226356263982061364e+03
1.235865120089288666e+03
1.202132703262437190e+03
1.251471405413848743e+03
1.192072501975118030e+03
1.194836723158467748e+03
1.200211177647985323e+03
1.210721707559138167e+03
8.686500527183218310e+02
1.195201316488948578e+03
1.224287636716640009e+03
1.063662462054365051e+03
1.133706433868474051e+03
1.314958836351652735e+03
1.169566329678802049e+03
1.218982455888001823e+03
1.116239132875690530e+03
1.145738087907253430e+03
1.247471994652648164e+03
1.233650655981025466e+03
1.017617314910748973e+03
1.029001884693261900e+03
1.122701419364913363e+03
1.187536540064177188e+03
1.283011902544451459e+03
1.234900471802774291e+03
1.256438769605262905e+03
1.257860856073775267e+03
1.195564990752837275e+03
1.276735685412568500e+03
1.162205181945637605e+03
1.341230520495527117e+03
1.284293955928513469e+03
1.250481898763284107e+03
1.250853759534732262e+03
1.290444646450572009e+03
1.259385793885822295e+03
1.107146236255662416e+03
1.213635034145415602e+03
1.163117705570397902e+03
1.212992693351039406e+03
1.100281501560705237e+03
1.168912440491325924e+03
1.208414401061514354e+03
1.185603639981915421e+03
1.223092108813789537e+03
1.071596199025514352e+03
1.119660212652317114e+03
1.027844945822048203e+03
1.194836723158467748e+03
1.132305476034164712e+03
5.554588851677638104e+02
5.000000000000000000e+02
5.392317422778760374e+02
1.027844945822048203e+03
1.219752387825778669e+03
1.191699904908280814e+03
1.185992297286175926e+03
1.252576547882191562e+03
1.168912440491325924e+03
1.305612963444554680e+03
1.248608080265196804e+03
1.125384748498740464e+03
1.227379559921426335e+03
1.142364119507585656e+03
1.251101135288223986e+03
1.173428623209634679e+03
1.137558251249050727e+03
1.214752294435074418e+03
1.230549179211068349e+03
1.177190208069771643e+03
6.169925001442312578e+02
5.000000000000000000e+02
5.000000000000000000e+02
5.000000000000000000e+02
5.000000000000000000e+02
5.000000000000000000e+02
5.000000000000000000e+02
5.000000000000000000e+02
5.209453365628950223e+02
5.000000000000000000e+02
5.000000000000000000e+02
5.000000000000000000e+02
5.000000000000000000e+02
5.000000000000000000e+02
5.392317422778760374e+02
5.000000000000000000e+02
5.000000000000000000e+02
5.000000000000000000e+02
5.000000000000000000e+02
5.000000000000000000e+02
5.000000000000000000e+02
5.000000000000000000e+02
5.000000000000000000e+02
5.000000000000000000e+02
5.000000000000000000e+02
5.000000000000000000e+02
5.000000000000000000e+02
5.000000000000000000e+02
5.000000000000000000e+02
5.000000000000000000e+02
5.000000000000000000e+02
5.000000000000000000e+02
5.000000000000000000e+02
5.000000000000000000e+02
5.000000000000000000e+02
5.000000000000000000e+02
5.000000000000000000e+02
5.000000000000000000e+02
5.000000000000000000e+02
5.000000000000000000e+02
5.000000000000000000e+02
5.000000000000000000e+02
5.000000000000000000e+02
5.000000000000000000e+02
5.000000000000000000e+02
5.000000000000000000e+02
5.209453365628950223e+02
5.000000000000000000e+02
5.000000000000000000e+02
5.000000000000000000e+02
5.000000000000000000e+02
5.000000000000000000e+02
5.000000000000000000e+02
5.000000000000000000e+02
5.000000000000000000e+02
5.000000000000000000e+02
5.000000000000000000e+02
5.000000000000000000e+02
5.000000000000000000e+02
5.000000000000000000e+02
5.000000000000000000e+02
5.000000000000000000e+02
5.000000000000000000e+02
5.000000000000000000e+02
5.000000000000000000e+02
5.000000000000000000e+02
5.000000000000000000e+02
5.000000000000000000e+02
5.000000000000000000e+02
5.000000000000000000e+02
5.000000000000000000e+02
5.000000000000000000e+02
5.000000000000000000e+02
5.000000000000000000e+02
5.000000000000000000e+02
5.000000000000000000e+02
5.000000000000000000e+02
5.000000000000000000e+02
5.000000000000000000e+02
5.000000000000000000e+02
5.000000000000000000e+02
5.000000000000000000e+02
5.000000000000000000e+02
5.000000000000000000e+02
5.000000000000000000e+02
5.000000000000000000e+02
5.000000000000000000e+02
5.000000000000000000e+02
5.000000000000000000e+02
5.000000000000000000e+02
5.000000000000000000e+02
5.000000000000000000e+02
5.000000000000000000e+02
5.000000000000000000e+02
5.000000000000000000e+02
5.000000000000000000e+02
5.000000000000000000e+02
5.000000000000000000e+02
5.000000000000000000e+02
5.000000000000000000e+02
5.000000000000000000e+02
5.000000000000000000e+02
5.000000000000000000e+02
5.000000000000000000e+02
5.000000000000000000e+02
5.000000000000000000e+02
5.000000000000000000e+02
5.000000000000000000e+02
5.000000000000000000e+02
5.000000000000000000e+02
5.000000000000000000e+02
5.000000000000000000e+02
5.000000000000000000e+02
5.000000000000000000e+02
5.000000000000000000e+02
5.000000000000000000e+02
5.000000000000000000e+02
5.000000000000000000e+02
5.000000000000000000e+02
5.000000000000000000e+02
5.000000000000000000e+02
5.000000000000000000e+02
5.000000000000000000e+02
5.000000000000000000e+02
5.000000000000000000e+02
5.000000000000000000e+02
5.000000000000000000e+02
5.000000000000000000e+02
5.000000000000000000e+02
5.000000000000000000e+02
5.000000000000000000e+02
5.000000000000000000e+02
5.000000000000000000e+02
5.000000000000000000e+02
5.000000000000000000e+02
5.000000000000000000e+02
5.000000000000000000e+02
5.000000000000000000e+02
5.000000000000000000e+02
5.000000000000000000e+02
5.000000000000000000e+02
5.000000000000000000e+02
5.000000000000000000e+02
5.000000000000000000e+02
5.000000000000000000e+02
5.000000000000000000e+02
5.000000000000000000e+02
5.000000000000000000e+02
5.000000000000000000e+02
5.000000000000000000e+02
5.000000000000000000e+02
5.000000000000000000e+02
5.000000000000000000e+02
5.000000000000000000e+02
5.000000000000000000e+02
5.000000000000000000e+02
5.000000000000000000e+02
5.000000000000000000e+02
5.000000000000000000e+02
5.000000000000000000e+02
5.000000000000000000e+02
5.000000000000000000e+02
5.000000000000000000e+02
5.000000000000000000e+02
5.000000000000000000e+02
5.000000000000000000e+02
5.000000000000000000e+02
5.000000000000000000e+02
8.927777962082341219e+02
1.132305476034164712e+03
1.177190208069771643e+03
1.236823361138094242e+03
1.139713980623560474e+03
1.162433854531298493e+03
1.192258440271366453e+03
1.329375900966786503e+03
1.162890115202819061e+03
1.197548975694575347e+03
8.060695931687554321e+02
5.000000000000000000e+02
5.000000000000000000e+02
5.000000000000000000e+02
5.000000000000000000e+02
5.000000000000000000e+02
5.000000000000000000e+02
5.000000000000000000e+02
5.000000000000000000e+02
5.000000000000000000e+02
5.000000000000000000e+02
5.000000000000000000e+02
5.000000000000000000e+02
5.000000000000000000e+02
5.000000000000000000e+02
5.000000000000000000e+02
5.000000000000000000e+02
5.000000000000000000e+02
5.000000000000000000e+02
5.000000000000000000e+02
5.000000000000000000e+02
5.000000000000000000e+02
5.000000000000000000e+02
5.000000000000000000e+02
5.000000000000000000e+02
5.000000000000000000e+02
5.000000000000000000e+02
5.000000000000000000e+02
5.000000000000000000e+02
5.000000000000000000e+02
5.000000000000000000e+02
5.000000000000000000e+02
5.000000000000000000e+02
5.000000000000000000e+02
5.000000000000000000e+02
5.000000000000000000e+02
5.000000000000000000e+02
5.000000000000000000e+02
5.000000000000000000e+02
5.000000000000000000e+02
5.000000000000000000e+02
5.000000000000000000e+02
5.000000000000000000e+02
5.000000000000000000e+02
5.000000000000000000e+02
5.000000000000000000e+02
5.000000000000000000e+02
5.000000000000000000e+02
5.000000000000000000e+02
5.000000000000000000e+02
5.000000000000000000e+02
6.741466986401147778e+02
9.403012023574996192e+02
1.196830679443079816e+03
1.166044165020917262e+03
1.054785850605841688e+03
1.176777064877670455e+03
1.200737773332126835e+03
1.245943161863729529e+03
1.173004550287919983e+03
1.292592526497285462e+03
1.050382573799575084e+03
6.870364719583404849e+02
5.000000000000000000e+02
5.000000000000000000e+02
5.000000000000000000e+02
5.000000000000000000e+02
5.000000000000000000e+02
5.000000000000000000e+02
5.000000000000000000e+02
5.000000000000000000e+02
5.000000000000000000e+02
5.000000000000000000e+02
5.000000000000000000e+02
5.000000000000000000e+02
5.000000000000000000e+02
5.000000000000000000e+02
5.000000000000000000e+02
5.000000000000000000e+02
5.000000000000000000e+02
5.000000000000000000e+02
5.000000000000000000e+02
5.000000000000000000e+02
5.000000000000000000e+02
5.000000000000000000e+02
5.000000000000000000e+02
5.000000000000000000e+02
5.000000000000000000e+02
5.000000000000000000e+02
5.000000000000000000e+02
5.000000000000000000e+02
5.000000000000000000e+02
5.000000000000000000e+02
5.000000000000000000e+02
5.000000000000000000e+02
5.000000000000000000e+02
5.000000000000000000e+02
5.000000000000000000e+02
5.000000000000000000e+02
5.000000000000000000e+02
5.000000000000000000e+02
5.000000000000000000e+02
5.000000000000000000e+02
5.000000000000000000e+02
5.000000000000000000e+02
5.000000000000000000e+02
5.000000000000000000e+02
5.000000000000000000e+02
5.000000000000000000e+02
5.000000000000000000e+02
5.000000000000000000e+02
5.000000000000000000e+02
5.000000000000000000e+02
5.000000000000000000e+02
5.000000000000000000e+02
5.000000000000000000e+02
5.000000000000000000e+02
5.000000000000000000e+02
5.000000000000000000e+02
5.000000000000000000e+02
5.000000000000000000e+02
5.000000000000000000e+02
5.000000000000000000e+02
5.000000000000000000e+02
5.000000000000000000e+02
5.000000000000000000e+02
5.000000000000000000e+02
5.000000000000000000e+02
5.000000000000000000e+02
5.000000000000000000e+02
5.000000000000000000e+02
5.000000000000000000e+02
5.000000000000000000e+02
5.000000000000000000e+02
5.000000000000000000e+02
5.000000000000000000e+02
5.000000000000000000e+02
5.000000000000000000e+02
5.000000000000000000e+02
5.000000000000000000e+02
5.000000000000000000e+02
5.000000000000000000e+02
5.000000000000000000e+02
5.000000000000000000e+02
5.000000000000000000e+02
5.000000000000000000e+02
5.000000000000000000e+02
8.897845456005510414e+02
1.004575966138268200e+03
1.163344937471349340e+03
1.196289600533726116e+03
1.156605403817109163e+03
1.167154106671188401e+03
1.199152184607569552e+03
1.209242681578025440e+03
1.190199818566849672e+03
1.290444646450572009e+03
1.283011902544451459e+03
1.250729912412276462e+03
1.176983784362944107e+03
1.201959072835788220e+03
1.164475759251625732e+03
1.305103896211740903e+03
1.272855829778671477e+03
1.215386865522324115e+03
1.261355927778826299e+03
1.340101281538281000e+03
1.348142105293187342e+03
9.592457037268079603e+02
5.000000000000000000e+02
5.000000000000000000e+02
5.000000000000000000e+02
5.000000000000000000e+02
5.000000000000000000e+02
5.000000000000000000e+02
5.000000000000000000e+02
5.000000000000000000e+02
5.000000000000000000e+02
5.000000000000000000e+02
5.000000000000000000e+02
5.000000000000000000e+02
5.000000000000000000e+02
5.000000000000000000e+02
5.000000000000000000e+02
5.000000000000000000e+02
5.000000000000000000e+02
5.000000000000000000e+02
5.000000000000000000e+02
5.000000000000000000e+02
5.000000000000000000e+02
5.000000000000000000e+02
5.000000000000000000e+02
5.000000000000000000e+02
5.000000000000000000e+02
5.000000000000000000e+02
5.000000000000000000e+02
5.000000000000000000e+02
5.000000000000000000e+02
5.000000000000000000e+02
5.000000000000000000e+02
5.000000000000000000e+02
5.000000000000000000e+02
5.000000000000000000e+02
5.000000000000000000e+02
5.000000000000000000e+02
5.000000000000000000e+02
5.000000000000000000e+02
5.000000000000000000e+02
5.000000000000000000e+02
5.000000000000000000e+02
5.000000000000000000e+02
5.000000000000000000e+02
5.000000000000000000e+02
5.000000000000000000e+02
5.000000000000000000e+02
5.000000000000000000e+02
5.000000000000000000e+02
5.000000000000000000e+02
5.000000000000000000e+02
5.000000000000000000e+02
5.000000000000000000e+02
5.000000000000000000e+02
5.000000000000000000e+02
5.000000000000000000e+02
5.000000000000000000e+02
5.000000000000000000e+02
5.000000000000000000e+02
5.000000000000000000e+02
5.000000000000000000e+02
5.000000000000000000e+02
5.000000000000000000e+02
5.000000000000000000e+02
5.000000000000000000e+02
5.000000000000000000e+02
5.000000000000000000e+02
5.000000000000000000e+02
5.000000000000000000e+02
5.000000000000000000e+02
5.000000000000000000e+02
5.000000000000000000e+02
5.000000000000000000e+02
5.000000000000000000e+02
5.000000000000000000e+02
5.000000000000000000e+02
5.000000000000000000e+02
5.000000000000000000e+02
5.000000000000000000e+02
5.000000000000000000e+02
5.000000000000000000e+02
5.000000000000000000e+02
5.000000000000000000e+02
5.000000000000000000e+02
5.000000000000000000e+02
5.000000000000000000e+02
5.000000000000000000e+02
5.000000000000000000e+02
5.000000000000000000e+02
5.000000000000000000e+02
5.000000000000000000e+02
5.000000000000000000e+02
5.000000000000000000e+02
5.000000000000000000e+02
5.000000000000000000e+02
5.000000000000000000e+02
5.000000000000000000e+02
5.000000000000000000e+02
5.000000000000000000e+02
5.000000000000000000e+02
5.000000000000000000e+02
5.000000000000000000e+02
5.000000000000000000e+02
5.000000000000000000e+02
5.000000000000000000e+02
5.000000000000000000e+02
5.000000000000000000e+02
5.000000000000000000e+02
5.000000000000000000e+02
5.000000000000000000e+02
5.000000000000000000e+02
5.000000000000000000e+02
5.000000000000000000e+02
5.000000000000000000e+02
5.000000000000000000e+02
5.209453365628950223e+02
9.879583249612784357e+02
1.205392588153110637e+03
1.266111002874366022e+03
1.356771845785075357e+03
1.344889062962926118e+03
1.115924065041167069e+03
1.274336180686586431e+03
1.243097517258806874e+03
1.138909352190447407e+03
1.200386923197905617e+03
1.285662005367684515e+03
1.208248172786310306e+03
1.203857610276879086e+03
1.294159786826609434e+03
1.123002043570563501e+03
1.222339841471162799e+03
1.144449728710380896e+03
1.235590163832841654e+03
1.238316426063511017e+03
1.122701419364913363e+03
1.189633240390994160e+03
1.257624812984325217e+03
1.193553341295074688e+03
1.085096815098243951e+03
1.116553514137792490e+03
1.149034950573928654e+03
1.248984796043929691e+03
1.242442876403776154e+03
1.176983784362944107e+03
1.238586240064146068e+03
1.243097517258806874e+03
1.275801495849527100e+03
1.327714207703369539e+03
1.454182262142417130e+03
1.294617524072355764e+03
1.179644525906184981e+03
1.093442804062680352e+03
1.170000615088286622e+03
1.228106067167701895e+03
1.234900471802774291e+03
1.335562639363791504e+03
1.270390357344466338e+03
1.180856202995752483e+03
1.297154355395077118e+03
1.172792045456319784e+03
9.068778277985412615e+02
1.198974927546213394e+03
1.289879030838121253e+03
1.217274001704936609e+03
1.213314221240060078e+03
1.276009616924409102e+03
1.219444907947902493e+03
1.172792045456319784e+03
1.276113564982864546e+03
1.248859333383540843e+03
1.058120058192495662e+03
1.265217275350971022e+03
1.336043561057106899e+03
1.397091475251581642e+03
1.278790255939143208e+03
1.364970526547141390e+03
1.280211241858606627e+03
1.351693112199869802e+03
1.173640193131829164e+03
1.238586240064146068e+03
1.241521359876528550e+03
1.304763517372502974e+03
1.113057056280542611e+03
1.285662005367684515e+03
1.296524317255689311e+03
1.149034950573928654e+03
1.162890115202819061e+03
1.285759228569752622e+03
1.225177825703586905e+03
1.205900639520111099e+03
7.098032082960526168e+02
1.256676759603291657e+03
1.444391481147209333e+03
5.700439718141092271e+02
5.209453365628950223e+02
5.554588851677638104e+02
5.832890014164740933e+02
6.169925001442312578e+02
5.954196310386874984e+02
5.700439718141092271e+02
6.266786540694901078e+02
6.442943495848727480e+02
5.392317422778760374e+02
6.442943495848727480e+02
6.169925001442312578e+02
6.169925001442312578e+02
5.954196310386874984e+02
5.392317422778760374e+02
5.700439718141092271e+02
5.700439718141092271e+02
5.832890014164740933e+02
5.832890014164740933e+02
5.392317422778760374e+02
6.442943495848727480e+02
5.832890014164740933e+02
5.700439718141092271e+02
5.954196310386874984e+02
6.523561956057012594e+02
5.832890014164740933e+02
5.954196310386874984e+02
5.209453365628950223e+02
6.066089190457771565e+02
6.599912842187127353e+02
6.599912842187127353e+02
5.209453365628950223e+02
6.066089190457771565e+02
5.209453365628950223e+02
5.700439718141092271e+02
6.599912842187127353e+02
6.599912842187127353e+02
6.672425341971495527e+02
5.554588851677638104e+02
5.209453365628950223e+02
6.066089190457771565e+02
5.700439718141092271e+02
6.169925001442312578e+02
6.266786540694901078e+02
5.209453365628950223e+02
5.209453365628950223e+02
5.832890014164740933e+02
5.209453365628950223e+02
5.700439718141092271e+02
5.209453365628950223e+02
5.954196310386874984e+02
5.392317422778760374e+02
5.554588851677638104e+02
5.832890014164740933e+02
5.832890014164740933e+02
5.554588851677638104e+02
5.392317422778760374e+02
5.832890014164740933e+02
5.554588851677638104e+02
5.554588851677638104e+02
5.954196310386874984e+02
6.266786540694901078e+02
6.672425341971495527e+02
6.599912842187127353e+02
7.149747119504681905e+02
5.954196310386874984e+02
6.266786540694901078e+02
5.392317422778760374e+02
5.554588851677638104e+02
5.554588851677638104e+02
5.554588851677638104e+02
5.700439718141092271e+02
5.000000000000000000e+02
5.000000000000000000e+02
5.832890014164740933e+02
5.000000000000000000e+02
5.000000000000000000e+02
5.554588851677638104e+02
5.832890014164740933e+02
5.209453365628950223e+02
5.209453365628950223e+02
6.741466986401147778e+02
5.832890014164740933e+02
5.832890014164740933e+02
5.000000000000000000e+02
5.000000000000000000e+02
6.066089190457771565e+02
5.000000000000000000e+02
5.392317422778760374e+02
5.000000000000000000e+02
5.209453365628950223e+02
5.554588851677638104e+02
6.266786540694901078e+02
5.700439718141092271e+02
5.554588851677638104e+02
5.392317422778760374e+02
6.266786540694901078e+02
5.554588851677638104e+02
5.832890014164740933e+02
6.523561956057012594e+02
5.392317422778760374e+02
5.209453365628950223e+02
5.392317422778760374e+02
6.169925001442312578e+02
5.554588851677638104e+02
5.700439718141092271e+02
5.700439718141092271e+02
5.554588851677638104e+02
6.066089190457771565e+02
5.954196310386874984e+02
6.741466986401147778e+02
5.954196310386874984e+02
5.554588851677638104e+02
5.700439718141092271e+02
5.392317422778760374e+02
5.392317422778760374e+02
5.700439718141092271e+02
6.741466986401147778e+02
6.066089190457771565e+02
5.209453365628950223e+02
5.700439718141092271e+02
6.169925001442312578e+02
6.357552004618083856e+02
5.832890014164740933e+02
5.209453365628950223e+02
5.554588851677638104e+02
5.392317422778760374e+02
5.700439718141092271e+02
5.832890014164740933e+02
5.700439718141092271e+02
5.392317422778760374e+02
5.554588851677638104e+02
5.954196310386874984e+02
5.000000000000000000e+02
5.954196310386874984e+02
6.523561956057012594e+02
5.700439718141092271e+02
5.700439718141092271e+02
5.554588851677638104e+02
5.392317422778760374e+02
5.392317422778760374e+02
6.066089190457771565e+02
5.554588851677638104e+02
6.066089190457771565e+02
6.066089190457771565e+02
5.700439718141092271e+02
5.209453365628950223e+02
6.266786540694901078e+02
5.209453365628950223e+02
6.066089190457771565e+02
5.209453365628950223e+02
5.700439718141092271e+02
5.000000000000000000e+02
6.599912842187127353e+02
6.066089190457771565e+02
6.672425341971495527e+02
5.700439718141092271e+02
5.392317422778760374e+02
5.554588851677638104e+02
5.832890014164740933e+02
5.209453365628950223e+02
5.954196310386874984e+02
6.870364719583404849e+02
5.000000000000000000e+02
6.266786540694901078e+02
5.700439718141092271e+02
6.807354922057603517e+02
5.000000000000000000e+02
5.000000000000000000e+02
6.672425341971495527e+02
6.169925001442312578e+02
5.554588851677638104e+02
5.832890014164740933e+02
5.554588851677638104e+02
6.066089190457771565e+02
5.832890014164740933e+02
6.169925001442312578e+02
5.954196310386874984e+02
5.700439718141092271e+02
5.554588851677638104e+02
5.832890014164740933e+02
6.672425341971495527e+02
6.523561956057012594e+02
6.523561956057012594e+02
5.554588851677638104e+02
5.554588851677638104e+02
5.832890014164740933e+02
6.442943495848727480e+02
5.832890014164740933e+02
5.554588851677638104e+02
7.584962500721155720e+02
6.672425341971495527e+02
7.383704292474052409e+02
5.954196310386874984e+02
6.988684686772165833e+02
7.044394119358453281e+02
6.988684686772165833e+02
6.930737337562886751e+02
6.169925001442312578e+02
7.247927513443585212e+02
7.044394119358453281e+02
8.005624549193878465e+02
6.523561956057012594e+02
7.658211482751794392e+02
8.164906926675687373e+02
7.044394119358453281e+02
7.467605550082997752e+02
6.169925001442312578e+02
6.930737337562886751e+02
7.199672344836363891e+02
7.622051819456376052e+02
7.199672344836363891e+02
7.761551232444479638e+02
6.870364719583404849e+02
7.693486957499325172e+02
6.988684686772165833e+02
5.700439718141092271e+02
7.507794640198696925e+02
7.761551232444479638e+02
6.066089190457771565e+02
7.693486957499325172e+02
7.044394119358453281e+02
6.672425341971495527e+02
5.832890014164740933e+02
6.066089190457771565e+02
5.554588851677638104e+02
6.930737337562886751e+02
5.700439718141092271e+02
5.554588851677638104e+02
8.330916878114617248e+02
7.467605550082997752e+02
7.467605550082997752e+02
7.622051819456376052e+02
6.672425341971495527e+02
7.199672344836363891e+02
6.266786540694901078e+02
7.977279923499917231e+02
7.149747119504681905e+02
8.375039431346925767e+02
6.807354922057603517e+02
7.149747119504681905e+02
6.870364719583404849e+02
7.761551232444479638e+02
6.599912842187127353e+02
7.826548487290915546e+02
6.870364719583404849e+02
5.954196310386874984e+02
5.554588851677638104e+02
7.199672344836363891e+02
6.741466986401147778e+02
7.339850002884624018e+02
6.870364719583404849e+02
6.066089190457771565e+02
5.209453365628950223e+02
6.266786540694901078e+02
7.658211482751794392e+02
6.807354922057603517e+02
7.467605550082997752e+02
5.000000000000000000e+02
6.523561956057012594e+02
6.066089190457771565e+02
6.599912842187127353e+02
7.294620748891627500e+02
6.741466986401147778e+02
6.741466986401147778e+02
7.658211482751794392e+02
7.584962500721155720e+02
6.523561956057012594e+02
7.044394119358453281e+02
6.523561956057012594e+02
6.672425341971495527e+02
5.700439718141092271e+02
6.807354922057603517e+02
5.700439718141092271e+02
6.169925001442312578e+02
5.392317422778760374e+02
5.700439718141092271e+02
5.554588851677638104e+02
6.266786540694901078e+02
7.247927513443585212e+02
6.066089190457771565e+02
7.339850002884624018e+02
6.807354922057603517e+02
7.199672344836363891e+02
5.954196310386874984e+02
7.098032082960526168e+02
5.832890014164740933e+02
6.066089190457771565e+02
5.700439718141092271e+02
5.954196310386874984e+02
7.098032082960526168e+02
5.554588851677638104e+02
5.954196310386874984e+02
6.599912842187127353e+02
7.199672344836363891e+02
7.098032082960526168e+02
8.214319120800766996e+02
6.442943495848727480e+02
8.139551352398793824e+02
7.584962500721155720e+02
8.262094845370178291e+02
7.149747119504681905e+02
7.467605550082997752e+02
7.199672344836363891e+02
7.584962500721155720e+02
7.149747119504681905e+02
7.507794640198696925e+02
5.954196310386874984e+02
6.266786540694901078e+02
7.977279923499917231e+02
7.149747119504681905e+02
6.266786540694901078e+02
7.467605550082997752e+02
8.113742166049188427e+02
7.584962500721155720e+02
7.546894459887636231e+02
6.930737337562886751e+02
8.113742166049188427e+02
7.658211482751794392e+02
6.357552004618083856e+02
7.467605550082997752e+02
7.693486957499325172e+02
7.339850002884624018e+02
7.294620748891627500e+02
7.467605550082997752e+02
6.523561956057012594e+02
6.741466986401147778e+02
7.044394119358453281e+02
5.954196310386874984e+02
6.442943495848727480e+02
6.930737337562886751e+02
6.523561956057012594e+02
6.672425341971495527e+02
6.442943495848727480e+02
6.672425341971495527e+02
6.741466986401147778e+02
6.599912842187127353e+02
5.832890014164740933e+02
7.546894459887636231e+02
6.357552004618083856e+02
7.247927513443585212e+02
7.247927513443585212e+02
7.199672344836363891e+02
7.948367231584677484e+02
7.044394119358453281e+02
7.507794640198696925e+02
7.467605550082997752e+02
6.523561956057012594e+02
6.523561956057012594e+02
6.357552004618083856e+02
7.761551232444479638e+02
6.930737337562886751e+02
6.357552004618083856e+02
7.199672344836363891e+02
6.672425341971495527e+02
6.169925001442312578e+02
6.169925001442312578e+02
5.954196310386874984e+02
7.044394119358453281e+02
6.523561956057012594e+02
6.169925001442312578e+02
7.247927513443585212e+02
6.988684686772165833e+02
6.599912842187127353e+02
7.727920454563198973e+02
7.294620748891627500e+02
6.599912842187127353e+02
9.014020470314934528e+02
7.044394119358453281e+02
8.238404739325078481e+02
7.426264754702098116e+02
7.426264754702098116e+02
7.826548487290915546e+02
7.044394119358453281e+02
6.169925001442312578e+02
7.467605550082997752e+02
7.426264754702098116e+02
7.426264754702098116e+02
6.870364719583404849e+02
6.599912842187127353e+02
7.044394119358453281e+02
7.199672344836363891e+02
7.826548487290915546e+02
7.761551232444479638e+02
8.005624549193878465e+02
7.383704292474052409e+02
7.693486957499325172e+02
8.308339030139406987e+02
7.727920454563198973e+02
7.918863237274595122e+02
7.794415866350105944e+02
9.041659151637213654e+02
7.761551232444479638e+02
8.164906926675687373e+02
8.787902559391432078e+02
8.113742166049188427e+02
8.417852514885897790e+02
8.308339030139406987e+02
7.339850002884624018e+02
7.658211482751794392e+02
7.826548487290915546e+02
7.546894459887636231e+02
8.971543553950772321e+02
9.269126679149417214e+02
8.721099188707185021e+02
9.475733430966398601e+02
8.479780264029099044e+02
8.479780264029099044e+02
8.113742166049188427e+02
7.044394119358453281e+02
6.870364719583404849e+02
7.857980995127571759e+02
6.988684686772165833e+02
8.396604781181858925e+02
7.467605550082997752e+02
8.113742166049188427e+02
8.519636252843213242e+02
8.614709844115207034e+02
7.794415866350105944e+02
7.977279923499917231e+02
8.897845456005510414e+02
7.888743248898259708e+02
8.139551352398793824e+02
7.918863237274595122e+02
7.693486957499325172e+02
9.134426320220926527e+02
7.098032082960526168e+02
7.977279923499917231e+02
7.426264754702098116e+02
7.658211482751794392e+02
7.149747119504681905e+02
7.658211482751794392e+02
7.622051819456376052e+02
7.149747119504681905e+02
7.247927513443585212e+02
7.693486957499325172e+02
8.330916878114617248e+02
8.285402218862249129e+02
7.584962500721155720e+02
8.087462841250338670e+02
8.686500527183218310e+02
8.539158811108030704e+02
7.826548487290915546e+02
7.098032082960526168e+02
8.651051691178928422e+02
8.499845887083205298e+02
7.467605550082997752e+02
7.247927513443585212e+02
7.857980995127571759e+02
7.918863237274595122e+02
7.918863237274595122e+02
8.668884984266247784e+02
7.546894459887636231e+02
8.738092259620490267e+02
9.709083812550343282e+02
8.189824558880017094e+02
7.383704292474052409e+02
8.060695931687554321e+02
8.596189756144409557e+02
7.044394119358453281e+02
8.754887502163468298e+02
7.977279923499917231e+02
8.087462841250338670e+02
8.396604781181858925e+02
8.632995197142956840e+02
8.060695931687554321e+02
8.771489469500598943e+02
8.113742166049188427e+02
8.262094845370178291e+02
7.622051819456376052e+02
7.826548487290915546e+02
7.383704292474052409e+02
8.113742166049188427e+02
7.977279923499917231e+02
8.238404739325078481e+02
8.005624549193878465e+02
8.459431618637296424e+02
8.459431618637296424e+02
8.479780264029099044e+02
8.971543553950772321e+02
8.668884984266247784e+02
8.519636252843213242e+02
7.339850002884624018e+02
7.658211482751794392e+02
8.189824558880017094e+02
9.184875342908283073e+02
8.499845887083205298e+02
8.285402218862249129e+02
7.761551232444479638e+02
8.285402218862249129e+02
7.794415866350105944e+02
9.000000000000000000e+02
8.479780264029099044e+02
6.870364719583404849e+02
7.826548487290915546e+02
7.977279923499917231e+02
8.262094845370178291e+02
8.113742166049188427e+02
9.184875342908283073e+02
7.294620748891627500e+02
7.948367231584677484e+02
8.214319120800766996e+02
7.507794640198696925e+02
8.942514505339239577e+02
8.897845456005510414e+02
8.308339030139406987e+02
6.870364719583404849e+02
7.044394119358453281e+02
8.596189756144409557e+02
8.438791852578260659e+02
8.262094845370178291e+02
8.113742166049188427e+02
8.238404739325078481e+02
8.060695931687554321e+02
8.459431618637296424e+02
6.266786540694901078e+02
7.622051819456376052e+02
8.033423001537449863e+02
8.060695931687554321e+02
7.658211482751794392e+02
9.221587121264806228e+02
8.703903573444663380e+02
7.098032082960526168e+02
5.832890014164740933e+02
8.519636252843213242e+02
6.523561956057012594e+02
7.794415866350105944e+02
7.727920454563198973e+02
8.139551352398793824e+02
7.948367231584677484e+02
7.826548487290915546e+02
7.199672344836363891e+02
8.214319120800766996e+02
7.857980995127571759e+02
8.189824558880017094e+02
7.426264754702098116e+02
6.357552004618083856e+02
8.820178962415187698e+02
7.857980995127571759e+02
8.438791852578260659e+02
8.005624549193878465e+02
8.214319120800766996e+02
7.826548487290915546e+02
6.523561956057012594e+02
8.139551352398793824e+02
7.546894459887636231e+02
8.060695931687554321e+02
8.651051691178928422e+02
7.761551232444479638e+02
7.149747119504681905e+02
7.426264754702098116e+02
8.214319120800766996e+02
8.614709844115207034e+02
8.005624549193878465e+02
7.426264754702098116e+02
7.546894459887636231e+02
8.479780264029099044e+02
6.807354922057603517e+02
8.558420713268664031e+02
8.738092259620490267e+02
8.087462841250338670e+02
8.804131021183318353e+02
8.087462841250338670e+02
7.467605550082997752e+02
8.651051691178928422e+02
8.519636252843213242e+02
8.804131021183318353e+02
8.499845887083205298e+02
7.584962500721155720e+02
7.727920454563198973e+02
6.930737337562886751e+02
7.247927513443585212e+02
7.693486957499325172e+02
7.294620748891627500e+02
8.459431618637296424e+02
8.139551352398793824e+02
8.005624549193878465e+02
9.027905996569884337e+02
7.044394119358453281e+02
7.622051819456376052e+02
8.330916878114617248e+02
8.353146825498082535e+02
7.727920454563198973e+02
8.459431618637296424e+02
7.918863237274595122e+02
8.330916878114617248e+02
8.375039431346925767e+02
9.413627929024173682e+02
7.794415866350105944e+02
8.703903573444663380e+02
6.741466986401147778e+02
7.761551232444479638e+02
8.139551352398793824e+02
7.977279923499917231e+02
9.233619676759701633e+02
8.499845887083205298e+02
9.082149041353870871e+02
8.577428828035749575e+02
8.438791852578260659e+02
7.294620748891627500e+02
7.546894459887636231e+02
7.948367231584677484e+02
7.794415866350105944e+02
7.857980995127571759e+02
8.499845887083205298e+02
8.285402218862249129e+02
8.164906926675687373e+02
7.339850002884624018e+02
8.539158811108030704e+02
7.584962500721155720e+02
7.761551232444479638e+02
8.558420713268664031e+02
9.209453365628949086e+02
8.686500527183218310e+02
6.169925001442312578e+02
5.832890014164740933e+02
8.787902559391432078e+02
8.238404739325078481e+02
8.139551352398793824e+02
6.357552004618083856e+02
8.558420713268664031e+02
7.727920454563198973e+02
7.857980995127571759e+02
8.033423001537449863e+02
9.485829308701903528e+02
7.247927513443585212e+02
7.426264754702098116e+02
6.988684686772165833e+02
8.614709844115207034e+02
7.857980995127571759e+02
7.383704292474052409e+02
8.651051691178928422e+02
8.330916878114617248e+02
8.189824558880017094e+02
8.686500527183218310e+02
7.383704292474052409e+02
5.832890014164740933e+02
7.294620748891627500e+02
8.479780264029099044e+02
8.214319120800766996e+02
8.577428828035749575e+02
7.044394119358453281e+02
7.977279923499917231e+02
8.459431618637296424e+02
8.189824558880017094e+02
6.672425341971495527e+02
6.357552004618083856e+02
8.577428828035749575e+02
8.005624549193878465e+02
8.438791852578260659e+02
8.087462841250338670e+02
7.794415866350105944e+02
8.214319120800766996e+02
8.033423001537449863e+02
8.189824558880017094e+02
7.426264754702098116e+02
7.948367231584677484e+02
7.294620748891627500e+02
7.977279923499917231e+02
7.546894459887636231e+02
8.005624549193878465e+02
8.375039431346925767e+02
8.164906926675687373e+02
8.005624549193878465e+02
9.027905996569884337e+02
7.507794640198696925e+02
8.308339030139406987e+02
7.584962500721155720e+02
8.164906926675687373e+02
7.507794640198696925e+02
7.294620748891627500e+02
6.807354922057603517e+02
7.294620748891627500e+02
7.149747119504681905e+02
7.507794640198696925e+02
7.794415866350105944e+02
7.826548487290915546e+02
7.584962500721155720e+02
7.546894459887636231e+02
6.807354922057603517e+02
7.294620748891627500e+02
8.214319120800766996e+02
7.658211482751794392e+02
6.523561956057012594e+02
7.857980995127571759e+02
8.396604781181858925e+02
7.857980995127571759e+02
6.930737337562886751e+02
6.741466986401147778e+02
7.546894459887636231e+02
7.383704292474052409e+02
8.087462841250338670e+02
7.383704292474052409e+02
8.459431618637296424e+02
8.459431618637296424e+02
7.857980995127571759e+02
7.339850002884624018e+02
6.266786540694901078e+02
6.357552004618083856e+02
7.761551232444479638e+02
8.353146825498082535e+02
8.558420713268664031e+02
8.139551352398793824e+02
7.247927513443585212e+02
8.330916878114617248e+02
7.826548487290915546e+02
7.546894459887636231e+02
7.098032082960526168e+02
7.294620748891627500e+02
7.383704292474052409e+02
6.357552004618083856e+02
7.467605550082997752e+02
7.507794640198696925e+02
6.870364719583404849e+02
8.417852514885897790e+02
8.139551352398793824e+02
7.044394119358453281e+02
6.523561956057012594e+02
6.672425341971495527e+02
6.599912842187127353e+02
7.888743248898259708e+02
7.247927513443585212e+02
8.113742166049188427e+02
7.339850002884624018e+02
6.357552004618083856e+02
7.247927513443585212e+02
6.523561956057012594e+02
8.308339030139406987e+02
8.330916878114617248e+02
6.442943495848727480e+02
5.554588851677638104e+02
6.266786540694901078e+02
5.700439718141092271e+02
5.392317422778760374e+02
5.392317422778760374e+02
5.554588851677638104e+02
5.554588851677638104e+02
5.209453365628950223e+02
5.700439718141092271e+02
5.209453365628950223e+02
5.700439718141092271e+02
5.700439718141092271e+02
5.832890014164740933e+02
6.741466986401147778e+02
6.442943495848727480e+02
5.000000000000000000e+02
5.392317422778760374e+02
5.000000000000000000e+02
6.988684686772165833e+02
6.523561956057012594e+02
5.700439718141092271e+02
5.700439718141092271e+02
6.169925001442312578e+02
5.392317422778760374e+02
5.954196310386874984e+02
5.209453365628950223e+02
6.741466986401147778e+02
7.426264754702098116e+02
6.807354922057603517e+02
6.988684686772165833e+02
7.044394119358453281e+02
7.727920454563198973e+02
7.199672344836363891e+02
6.169925001442312578e+02
6.442943495848727480e+02
6.807354922057603517e+02
6.442943495848727480e+02
6.870364719583404849e+02
7.761551232444479638e+02
7.761551232444479638e+02
5.700439718141092271e+02
6.672425341971495527e+02
6.523561956057012594e+02
6.357552004618083856e+02
7.044394119358453281e+02
6.741466986401147778e+02
7.294620748891627500e+02
7.426264754702098116e+02
7.507794640198696925e+02
6.066089190457771565e+02
6.930737337562886751e+02
6.807354922057603517e+02
7.727920454563198973e+02
6.870364719583404849e+02
6.741466986401147778e+02
6.870364719583404849e+02
7.584962500721155720e+02
6.357552004618083856e+02
7.658211482751794392e+02
6.870364719583404849e+02
7.044394119358453281e+02
7.467605550082997752e+02
7.426264754702098116e+02
6.807354922057603517e+02
7.247927513443585212e+02
7.149747119504681905e+02
6.870364719583404849e+02
6.741466986401147778e+02
7.761551232444479638e+02
7.339850002884624018e+02
7.294620748891627500e+02
7.044394119358453281e+02
6.930737337562886751e+02
6.357552004618083856e+02
7.761551232444479638e+02
6.988684686772165833e+02
7.693486957499325172e+02
7.383704292474052409e+02
7.098032082960526168e+02
7.584962500721155720e+02
6.672425341971495527e+02
6.807354922057603517e+02
7.622051819456376052e+02
6.807354922057603517e+02
6.523561956057012594e+02
7.247927513443585212e+02
8.851749041416057935e+02
8.787902559391432078e+02
6.930737337562886751e+02
7.584962500721155720e+02
7.826548487290915546e+02
7.546894459887636231e+02
7.149747119504681905e+02
8.353146825498082535e+02
7.622051819456376052e+02
8.499845887083205298e+02
6.442943495848727480e+02
7.426264754702098116e+02
6.357552004618083856e+02
5.554588851677638104e+02
6.266786540694901078e+02
6.523561956057012594e+02
7.727920454563198973e+02
8.005624549193878465e+02
6.599912842187127353e+02
6.741466986401147778e+02
7.044394119358453281e+02
7.727920454563198973e+02
7.658211482751794392e+02
6.672425341971495527e+02
6.523561956057012594e+02
7.426264754702098116e+02
7.098032082960526168e+02
7.761551232444479638e+02
7.149747119504681905e+02
7.584962500721155720e+02
6.523561956057012594e+02
5.554588851677638104e+02
6.523561956057012594e+02
6.930737337562886751e+02
7.467605550082997752e+02
6.870364719583404849e+02
7.294620748891627500e+02
7.294620748891627500e+02
8.113742166049188427e+02
7.044394119358453281e+02
7.149747119504681905e+02
7.247927513443585212e+02
6.599912842187127353e+02
7.098032082960526168e+02
7.727920454563198973e+02
7.467605550082997752e+02
7.584962500721155720e+02
5.554588851677638104e+02
6.741466986401147778e+02
6.930737337562886751e+02
7.507794640198696925e+02
5.954196310386874984e+02
7.622051819456376052e+02
7.199672344836363891e+02
7.794415866350105944e+02
7.383704292474052409e+02
7.546894459887636231e+02
6.672425341971495527e+02
5.832890014164740933e+02
6.672425341971495527e+02
7.149747119504681905e+02
7.507794640198696925e+02
7.383704292474052409e+02
7.044394119358453281e+02
6.988684686772165833e+02
7.727920454563198973e+02
7.693486957499325172e+02
7.546894459887636231e+02
7.546894459887636231e+02
7.044394119358453281e+02
6.357552004618083856e+02
6.169925001442312578e+02
6.266786540694901078e+02
6.870364719583404849e+02
6.988684686772165833e+02
6.741466986401147778e+02
6.599912842187127353e+02
6.870364719583404849e+02
6.870364719583404849e+02
7.546894459887636231e+02
6.066089190457771565e+02
6.988684686772165833e+02
7.507794640198696925e+02
7.339850002884624018e+02
7.546894459887636231e+02
7.294620748891627500e+02
6.741466986401147778e+02
7.098032082960526168e+02
7.727920454563198973e+02
7.149747119504681905e+02
7.507794640198696925e+02
8.897845456005510414e+02
7.098032082960526168e+02
6.741466986401147778e+02
6.930737337562886751e+02
6.672425341971495527e+02
7.467605550082997752e+02
7.888743248898259708e+02
6.066089190457771565e+02
6.523561956057012594e+02
6.930737337562886751e+02
7.693486957499325172e+02
6.930737337562886751e+02
7.426264754702098116e+02
7.294620748891627500e+02
7.383704292474052409e+02
7.149747119504681905e+02
8.005624549193878465e+02
7.247927513443585212e+02
7.693486957499325172e+02
6.442943495848727480e+02
7.339850002884624018e+02
7.294620748891627500e+02
7.383704292474052409e+02
5.700439718141092271e+02
6.523561956057012594e+02
6.599912842187127353e+02
7.199672344836363891e+02
7.149747119504681905e+02
6.523561956057012594e+02
5.700439718141092271e+02
7.294620748891627500e+02
7.294620748891627500e+02
7.467605550082997752e+02
7.948367231584677484e+02
7.098032082960526168e+02
7.044394119358453281e+02
7.467605550082997752e+02
7.761551232444479638e+02
7.294620748891627500e+02
7.888743248898259708e+02
6.930737337562886751e+02
8.189824558880017094e+02
6.870364719583404849e+02
7.727920454563198973e+02
8.396604781181858925e+02
8.686500527183218310e+02
7.247927513443585212e+02
6.066089190457771565e+02
5.700439718141092271e+02
6.930737337562886751e+02
6.807354922057603517e+02
6.066089190457771565e+02
6.169925001442312578e+02
7.658211482751794392e+02
7.294620748891627500e+02
7.044394119358453281e+02
7.584962500721155720e+02
7.584962500721155720e+02
6.807354922057603517e+02
6.988684686772165833e+02
7.149747119504681905e+02
6.930737337562886751e+02
6.672425341971495527e+02
6.169925001442312578e+02
6.066089190457771565e+02
6.599912842187127353e+02
8.087462841250338670e+02
7.149747119504681905e+02
6.741466986401147778e+02
6.266786540694901078e+02
7.761551232444479638e+02
6.599912842187127353e+02
7.584962500721155720e+02
6.266786540694901078e+02
6.266786540694901078e+02
7.044394119358453281e+02
7.546894459887636231e+02
7.383704292474052409e+02
7.294620748891627500e+02
7.149747119504681905e+02
6.988684686772165833e+02
8.614709844115207034e+02
8.189824558880017094e+02
7.294620748891627500e+02
7.693486957499325172e+02
6.169925001442312578e+02
7.693486957499325172e+02
7.149747119504681905e+02
6.930737337562886751e+02
7.888743248898259708e+02
7.507794640198696925e+02
6.807354922057603517e+02
7.546894459887636231e+02
6.870364719583404849e+02
7.426264754702098116e+02
7.826548487290915546e+02
7.294620748891627500e+02
7.727920454563198973e+02
8.308339030139406987e+02
7.918863237274595122e+02
6.523561956057012594e+02
8.651051691178928422e+02
7.546894459887636231e+02
6.870364719583404849e+02
5.832890014164740933e+02
6.741466986401147778e+02
6.357552004618083856e+02
5.832890014164740933e+02
5.700439718141092271e+02
7.149747119504681905e+02
8.005624549193878465e+02
7.918863237274595122e+02
6.870364719583404849e+02
6.741466986401147778e+02
6.169925001442312578e+02
7.044394119358453281e+02
6.930737337562886751e+02
7.149747119504681905e+02
6.266786540694901078e+02
6.988684686772165833e+02
6.523561956057012594e+02
6.523561956057012594e+02
5.832890014164740933e+02
6.672425341971495527e+02
6.599912842187127353e+02
7.294620748891627500e+02
6.741466986401147778e+02
6.523561956057012594e+02
7.339850002884624018e+02
6.741466986401147778e+02
7.294620748891627500e+02
6.442943495848727480e+02
7.658211482751794392e+02
6.066089190457771565e+02
7.149747119504681905e+02
6.988684686772165833e+02
7.294620748891627500e+02
6.523561956057012594e+02
7.383704292474052409e+02
7.199672344836363891e+02
6.741466986401147778e+02
6.266786540694901078e+02
5.000000000000000000e+02
5.000000000000000000e+02
5.954196310386874984e+02
5.000000000000000000e+02
5.700439718141092271e+02
6.599912842187127353e+02
7.199672344836363891e+02
6.988684686772165833e+02
6.523561956057012594e+02
7.339850002884624018e+02
6.870364719583404849e+02
6.870364719583404849e+02
6.599912842187127353e+02
7.339850002884624018e+02
6.807354922057603517e+02
7.149747119504681905e+02
7.467605550082997752e+02
6.357552004618083856e+02
7.199672344836363891e+02
6.870364719583404849e+02
8.330916878114617248e+02
7.044394119358453281e+02
7.584962500721155720e+02
6.988684686772165833e+02
5.209453365628950223e+02
7.098032082960526168e+02
7.584962500721155720e+02
6.870364719583404849e+02
6.672425341971495527e+02
7.977279923499917231e+02
8.033423001537449863e+02
7.857980995127571759e+02
6.599912842187127353e+02
7.857980995127571759e+02
7.658211482751794392e+02
7.727920454563198973e+02
7.149747119504681905e+02
7.149747119504681905e+02
6.870364719583404849e+02
7.098032082960526168e+02
7.294620748891627500e+02
7.098032082960526168e+02
6.672425341971495527e+02
7.044394119358453281e+02
7.888743248898259708e+02
6.266786540694901078e+02
7.622051819456376052e+02
7.426264754702098116e+02
6.988684686772165833e+02
7.199672344836363891e+02
6.988684686772165833e+02
8.285402218862249129e+02
6.930737337562886751e+02
6.066089190457771565e+02
6.807354922057603517e+02
7.658211482751794392e+02
7.857980995127571759e+02
7.584962500721155720e+02
8.396604781181858925e+02
7.199672344836363891e+02
7.149747119504681905e+02
7.339850002884624018e+02
6.988684686772165833e+02
5.700439718141092271e+02
6.930737337562886751e+02
7.044394119358453281e+02
6.741466986401147778e+02
7.761551232444479638e+02
8.867278739709661295e+02
7.977279923499917231e+02
6.930737337562886751e+02
6.672425341971495527e+02
7.149747119504681905e+02
7.727920454563198973e+02
7.794415866350105944e+02
6.930737337562886751e+02
7.383704292474052409e+02
7.467605550082997752e+02
7.761551232444479638e+02
8.787902559391432078e+02
8.375039431346925767e+02
7.948367231584677484e+02
6.870364719583404849e+02
7.199672344836363891e+02
8.087462841250338670e+02
6.169925001442312578e+02
6.988684686772165833e+02
7.584962500721155720e+02
6.870364719583404849e+02
6.599912842187127353e+02
5.000000000000000000e+02
6.523561956057012594e+02
6.988684686772165833e+02
7.584962500721155720e+02
7.383704292474052409e+02
6.672425341971495527e+02
7.658211482751794392e+02
7.546894459887636231e+02
7.761551232444479638e+02
6.266786540694901078e+02
7.426264754702098116e+02
7.247927513443585212e+02
7.339850002884624018e+02
7.507794640198696925e+02
7.918863237274595122e+02
6.672425341971495527e+02
6.266786540694901078e+02
7.888743248898259708e+02
6.988684686772165833e+02
7.693486957499325172e+02
6.741466986401147778e+02
7.149747119504681905e+02
7.467605550082997752e+02
6.169925001442312578e+02
6.741466986401147778e+02
7.339850002884624018e+02
6.930737337562886751e+02
6.988684686772165833e+02
5.700439718141092271e+02
5.392317422778760374e+02
5.554588851677638104e+02
5.554588851677638104e+02
6.523561956057012594e+02
6.066089190457771565e+02
7.294620748891627500e+02
7.044394119358453281e+02
5.554588851677638104e+02
7.584962500721155720e+02
6.266786540694901078e+02
7.199672344836363891e+02
7.294620748891627500e+02
6.523561956057012594e+02
6.357552004618083856e+02
5.700439718141092271e+02
6.672425341971495527e+02
6.066089190457771565e+02
7.426264754702098116e+02
6.741466986401147778e+02
6.988684686772165833e+02
6.523561956057012594e+02
6.807354922057603517e+02
6.523561956057012594e+02
6.672425341971495527e+02
7.383704292474052409e+02
8.005624549193878465e+02
8.262094845370178291e+02
6.807354922057603517e+02
8.668884984266247784e+02
7.857980995127571759e+02
6.523561956057012594e+02
7.247927513443585212e+02
6.442943495848727480e+02
6.672425341971495527e+02
7.693486957499325172e+02
7.622051819456376052e+02
7.761551232444479638e+02
7.507794640198696925e+02
7.383704292474052409e+02
8.479780264029099044e+02
6.169925001442312578e+02
6.988684686772165833e+02
7.149747119504681905e+02
7.546894459887636231e+02
7.098032082960526168e+02
7.383704292474052409e+02
8.033423001537449863e+02
7.149747119504681905e+02
7.098032082960526168e+02
6.672425341971495527e+02
6.357552004618083856e+02
6.930737337562886751e+02
7.339850002884624018e+02
6.357552004618083856e+02
6.672425341971495527e+02
6.672425341971495527e+02
6.870364719583404849e+02
7.044394119358453281e+02
6.066089190457771565e+02
6.442943495848727480e+02
7.149747119504681905e+02
5.832890014164740933e+02
8.519636252843213242e+02
7.727920454563198973e+02
7.383704292474052409e+02
6.442943495848727480e+02
6.807354922057603517e+02
7.383704292474052409e+02
6.930737337562886751e+02
6.599912842187127353e+02
7.149747119504681905e+02
7.693486957499325172e+02
6.599912842187127353e+02
7.761551232444479638e+02
7.199672344836363891e+02
6.672425341971495527e+02
7.918863237274595122e+02
7.294620748891627500e+02
7.948367231584677484e+02
7.727920454563198973e+02
5.392317422778760374e+02
6.672425341971495527e+02
6.807354922057603517e+02
7.546894459887636231e+02
6.672425341971495527e+02
6.169925001442312578e+02
7.761551232444479638e+02
6.266786540694901078e+02
6.672425341971495527e+02
6.988684686772165833e+02
6.442943495848727480e+02
6.523561956057012594e+02
7.149747119504681905e+02
7.622051819456376052e+02
7.948367231584677484e+02
7.426264754702098116e+02
7.622051819456376052e+02
6.672425341971495527e+02
7.149747119504681905e+02
7.247927513443585212e+02
7.098032082960526168e+02
7.467605550082997752e+02
7.693486957499325172e+02
7.693486957499325172e+02
6.807354922057603517e+02
6.169925001442312578e+02
7.044394119358453281e+02
8.238404739325078481e+02
6.523561956057012594e+02
6.870364719583404849e+02
6.066089190457771565e+02
8.375039431346925767e+02
7.467605550082997752e+02
7.546894459887636231e+02
7.546894459887636231e+02
6.741466986401147778e+02
7.339850002884624018e+02
7.507794640198696925e+02
8.189824558880017094e+02
8.308339030139406987e+02
7.622051819456376052e+02
7.546894459887636231e+02
7.727920454563198973e+02
7.546894459887636231e+02
6.599912842187127353e+02
7.918863237274595122e+02
6.870364719583404849e+02
7.918863237274595122e+02
7.426264754702098116e+02
7.857980995127571759e+02
7.044394119358453281e+02
6.066089190457771565e+02
6.807354922057603517e+02
6.672425341971495527e+02
7.098032082960526168e+02
6.169925001442312578e+02
5.954196310386874984e+02
5.954196310386874984e+02
6.523561956057012594e+02
6.930737337562886751e+02
7.247927513443585212e+02
7.247927513443585212e+02
6.930737337562886751e+02
6.741466986401147778e+02
6.741466986401147778e+02
6.442943495848727480e+02
7.826548487290915546e+02
7.693486957499325172e+02
7.977279923499917231e+02
6.357552004618083856e+02
7.294620748891627500e+02
7.383704292474052409e+02
7.888743248898259708e+02
8.189824558880017094e+02
7.584962500721155720e+02
8.164906926675687373e+02
7.622051819456376052e+02
7.467605550082997752e+02
7.948367231584677484e+02
8.686500527183218310e+02
7.977279923499917231e+02
8.060695931687554321e+02
7.467605550082997752e+02
7.467605550082997752e+02
8.396604781181858925e+02
6.066089190457771565e+02
7.199672344836363891e+02
8.214319120800766996e+02
8.005624549193878465e+02
7.339850002884624018e+02
6.266786540694901078e+02
6.066089190457771565e+02
6.266786540694901078e+02
6.357552004618083856e+02
5.209453365628950223e+02
5.209453365628950223e+02
5.392317422778760374e+02
6.066089190457771565e+02
5.832890014164740933e+02
5.954196310386874984e+02
5.954196310386874984e+02
5.954196310386874984e+02
5.700439718141092271e+02
5.832890014164740933e+02
5.209453365628950223e+02
6.169925001442312578e+02
6.357552004618083856e+02
5.554588851677638104e+02
5.832890014164740933e+02
5.832890014164740933e+02
6.066089190457771565e+02
6.266786540694901078e+02
5.392317422778760374e+02
5.832890014164740933e+02
5.954196310386874984e+02
6.169925001442312578e+02
5.392317422778760374e+02
5.954196310386874984e+02
6.523561956057012594e+02
6.066089190457771565e+02
5.700439718141092271e+02
6.442943495848727480e+02
5.954196310386874984e+02
5.554588851677638104e+02
6.066089190457771565e+02
6.442943495848727480e+02
6.169925001442312578e+02
5.832890014164740933e+02
6.988684686772165833e+02
5.554588851677638104e+02
5.554588851677638104e+02
5.954196310386874984e+02
5.700439718141092271e+02
5.954196310386874984e+02
5.954196310386874984e+02
5.954196310386874984e+02
6.169925001442312578e+02
6.523561956057012594e+02
5.832890014164740933e+02
6.357552004618083856e+02
6.266786540694901078e+02
5.700439718141092271e+02
5.554588851677638104e+02
6.066089190457771565e+02
5.209453365628950223e+02
5.700439718141092271e+02
5.700439718141092271e+02
6.266786540694901078e+02
5.954196310386874984e+02
5.000000000000000000e+02
5.392317422778760374e+02
6.357552004618083856e+02
6.266786540694901078e+02
5.209453365628950223e+02
5.954196310386874984e+02
5.392317422778760374e+02
6.169925001442312578e+02
5.209453365628950223e+02
5.392317422778760374e+02
5.392317422778760374e+02
5.209453365628950223e+02
5.392317422778760374e+02
5.000000000000000000e+02
5.832890014164740933e+02
5.554588851677638104e+02
5.392317422778760374e+02
5.554588851677638104e+02
5.700439718141092271e+02
5.554588851677638104e+02
5.209453365628950223e+02
5.392317422778760374e+02
5.209453365628950223e+02
5.954196310386874984e+02
5.554588851677638104e+02
5.000000000000000000e+02
5.392317422778760374e+02
6.266786540694901078e+02
6.169925001442312578e+02
5.832890014164740933e+02
5.832890014164740933e+02
5.554588851677638104e+02
5.554588851677638104e+02
5.209453365628950223e+02
5.209453365628950223e+02
5.000000000000000000e+02
5.209453365628950223e+02
5.392317422778760374e+02
5.000000000000000000e+02
5.700439718141092271e+02
6.169925001442312578e+02
5.954196310386874984e+02
5.209453365628950223e+02
5.700439718141092271e+02
6.066089190457771565e+02
6.523561956057012594e+02
6.442943495848727480e+02
6.523561956057012594e+02
6.066089190457771565e+02
6.599912842187127353e+02
5.954196310386874984e+02
6.442943495848727480e+02
7.149747119504681905e+02
6.523561956057012594e+02
5.832890014164740933e+02
6.599912842187127353e+02
6.066089190457771565e+02
6.930737337562886751e+02
6.599912842187127353e+02
7.294620748891627500e+02
6.169925001442312578e+02
5.700439718141092271e+02
6.066089190457771565e+02
6.357552004618083856e+02
5.832890014164740933e+02
6.442943495848727480e+02
6.169925001442312578e+02
6.266786540694901078e+02
6.169925001442312578e+02
6.066089190457771565e+02
7.199672344836363891e+02
6.599912842187127353e+02
6.169925001442312578e+02
5.392317422778760374e+02
6.169925001442312578e+02
6.357552004618083856e+02
6.266786540694901078e+02
5.700439718141092271e+02
5.832890014164740933e+02
5.832890014164740933e+02
5.209453365628950223e+02
7.044394119358453281e+02
6.523561956057012594e+02
5.209453365628950223e+02
6.066089190457771565e+02
5.700439718141092271e+02
6.266786540694901078e+02
6.266786540694901078e+02
5.954196310386874984e+02
5.700439718141092271e+02
6.066089190457771565e+02
5.554588851677638104e+02
5.954196310386874984e+02
5.000000000000000000e+02
5.700439718141092271e+02
6.599912842187127353e+02
5.832890014164740933e+02
5.832890014164740933e+02
6.357552004618083856e+02
6.266786540694901078e+02
5.000000000000000000e+02
6.870364719583404849e+02
6.930737337562886751e+02
6.266786540694901078e+02
5.000000000000000000e+02
5.700439718141092271e+02
5.832890014164740933e+02
5.954196310386874984e+02
6.066089190457771565e+02
5.700439718141092271e+02
5.832890014164740933e+02
6.599912842187127353e+02
6.523561956057012594e+02
6.741466986401147778e+02
6.266786540694901078e+02
5.700439718141092271e+02
5.700439718141092271e+02
6.442943495848727480e+02
5.209453365628950223e+02
6.523561956057012594e+02
6.066089190457771565e+02
5.832890014164740933e+02
5.954196310386874984e+02
6.266786540694901078e+02
6.169925001442312578e+02
5.209453365628950223e+02
5.554588851677638104e+02
5.554588851677638104e+02
7.149747119504681905e+02
6.442943495848727480e+02
6.442943495848727480e+02
5.554588851677638104e+02
5.832890014164740933e+02
5.392317422778760374e+02
5.554588851677638104e+02
5.832890014164740933e+02
6.523561956057012594e+02
5.954196310386874984e+02
5.392317422778760374e+02
5.000000000000000000e+02
6.442943495848727480e+02
5.700439718141092271e+02
7.426264754702098116e+02
6.523561956057012594e+02
6.523561956057012594e+02
6.066089190457771565e+02
6.442943495848727480e+02
7.658211482751794392e+02
5.209453365628950223e+02
5.392317422778760374e+02
5.700439718141092271e+02
6.266786540694901078e+02
5.392317422778760374e+02
5.954196310386874984e+02
5.832890014164740933e+02
5.209453365628950223e+02
5.209453365628950223e+02
5.954196310386874984e+02
5.832890014164740933e+02
5.209453365628950223e+02
6.870364719583404849e+02
5.700439718141092271e+02
5.392317422778760374e+02
5.954196310386874984e+02
6.807354922057603517e+02
6.266786540694901078e+02
5.700439718141092271e+02
6.741466986401147778e+02
6.357552004618083856e+02
6.066089190457771565e+02
5.832890014164740933e+02
5.954196310386874984e+02
6.807354922057603517e+02
6.672425341971495527e+02
6.169925001442312578e+02
6.357552004618083856e+02
6.169925001442312578e+02
7.426264754702098116e+02
6.169925001442312578e+02
6.599912842187127353e+02
5.392317422778760374e+02
5.700439718141092271e+02
6.169925001442312578e+02
5.554588851677638104e+02
5.000000000000000000e+02
5.700439718141092271e+02
6.066089190457771565e+02
5.392317422778760374e+02
5.700439718141092271e+02
6.169925001442312578e+02
5.832890014164740933e+02
5.392317422778760374e+02
6.599912842187127353e+02
5.832890014164740933e+02
7.294620748891627500e+02
6.266786540694901078e+02
6.169925001442312578e+02
5.700439718141092271e+02
6.988684686772165833e+02
5.700439718141092271e+02
5.700439718141092271e+02
6.066089190457771565e+02
6.523561956057012594e+02
6.266786540694901078e+02
5.954196310386874984e+02
5.832890014164740933e+02
6.807354922057603517e+02
5.832890014164740933e+02
6.357552004618083856e+02
6.523561956057012594e+02
6.672425341971495527e+02
6.066089190457771565e+02
6.066089190457771565e+02
6.870364719583404849e+02
6.266786540694901078e+02
6.066089190457771565e+02
5.700439718141092271e+02
7.149747119504681905e+02
6.599912842187127353e+02
6.442943495848727480e+02
6.357552004618083856e+02
6.807354922057603517e+02
6.266786540694901078e+02
6.599912842187127353e+02
6.169925001442312578e+02
6.357552004618083856e+02
5.700439718141092271e+02
6.266786540694901078e+02
5.700439718141092271e+02
5.954196310386874984e+02
6.442943495848727480e+02
5.700439718141092271e+02
5.954196310386874984e+02
5.954196310386874984e+02
5.954196310386874984e+02
6.442943495848727480e+02
5.392317422778760374e+02
5.392317422778760374e+02
6.357552004618083856e+02
6.357552004618083856e+02
5.000000000000000000e+02
6.442943495848727480e+02
6.357552004618083856e+02
5.209453365628950223e+02
6.066089190457771565e+02
6.672425341971495527e+02
5.000000000000000000e+02
6.066089190457771565e+02
6.357552004618083856e+02
6.599912842187127353e+02
6.066089190457771565e+02
6.357552004618083856e+02
5.832890014164740933e+02
6.870364719583404849e+02
5.954196310386874984e+02
6.266786540694901078e+02
6.066089190457771565e+02
6.741466986401147778e+02
6.266786540694901078e+02
5.954196310386874984e+02
5.832890014164740933e+02
6.066089190457771565e+02
6.672425341971495527e+02
6.599912842187127353e+02
5.832890014164740933e+02
5.832890014164740933e+02
5.000000000000000000e+02
5.832890014164740933e+02
6.523561956057012594e+02
6.672425341971495527e+02
5.700439718141092271e+02
5.000000000000000000e+02
6.357552004618083856e+02
6.169925001442312578e+02
6.266786540694901078e+02
5.954196310386874984e+02
6.266786540694901078e+02
6.357552004618083856e+02
6.066089190457771565e+02
6.266786540694901078e+02
6.357552004618083856e+02
5.832890014164740933e+02
5.954196310386874984e+02
5.832890014164740933e+02
6.599912842187127353e+02
6.741466986401147778e+02
5.954196310386874984e+02
6.807354922057603517e+02
6.266786540694901078e+02
7.247927513443585212e+02
5.554588851677638104e+02
6.169925001442312578e+02
7.199672344836363891e+02
6.169925001442312578e+02
6.870364719583404849e+02
6.266786540694901078e+02
6.066089190457771565e+02
5.954196310386874984e+02
5.832890014164740933e+02
7.149747119504681905e+02
5.832890014164740933e+02
6.442943495848727480e+02
5.554588851677638104e+02
6.266786540694901078e+02
6.442943495848727480e+02
6.870364719583404849e+02
6.599912842187127353e+02
6.169925001442312578e+02
6.741466986401147778e+02
6.599912842187127353e+02
5.832890014164740933e+02
6.357552004618083856e+02
6.442943495848727480e+02
6.807354922057603517e+02
6.357552004618083856e+02
6.672425341971495527e+02
5.700439718141092271e+02
7.149747119504681905e+02
6.169925001442312578e+02
5.209453365628950223e+02
5.832890014164740933e+02
5.700439718141092271e+02
5.554588851677638104e+02
6.169925001442312578e+02
6.066089190457771565e+02
5.832890014164740933e+02
5.954196310386874984e+02
6.442943495848727480e+02
5.954196310386874984e+02
5.700439718141092271e+02
5.954196310386874984e+02
5.700439718141092271e+02
5.700439718141092271e+02
6.169925001442312578e+02
6.523561956057012594e+02
5.392317422778760374e+02
6.523561956057012594e+02
5.392317422778760374e+02
6.266786540694901078e+02
5.832890014164740933e+02
6.357552004618083856e+02
6.741466986401147778e+02
6.169925001442312578e+02
6.442943495848727480e+02
6.066089190457771565e+02
6.672425341971495527e+02
6.599912842187127353e+02
6.357552004618083856e+02
5.832890014164740933e+02
5.554588851677638104e+02
6.599912842187127353e+02
6.523561956057012594e+02
6.266786540694901078e+02
5.954196310386874984e+02
6.807354922057603517e+02
6.442943495848727480e+02
6.266786540694901078e+02
7.098032082960526168e+02
7.044394119358453281e+02
5.832890014164740933e+02
6.870364719583404849e+02
6.266786540694901078e+02
6.266786540694901078e+02
7.044394119358453281e+02
7.546894459887636231e+02
5.832890014164740933e+02
6.357552004618083856e+02
5.832890014164740933e+02
6.442943495848727480e+02
6.357552004618083856e+02
6.169925001442312578e+02
6.870364719583404849e+02
6.266786540694901078e+02
6.870364719583404849e+02
6.599912842187127353e+02
5.554588851677638104e+02
5.554588851677638104e+02
5.554588851677638104e+02
6.357552004618083856e+02
6.741466986401147778e+02
5.832890014164740933e+02
5.832890014164740933e+02
6.741466986401147778e+02
5.000000000000000000e+02
6.523561956057012594e+02
5.554588851677638104e+02
6.169925001442312578e+02
6.169925001442312578e+02
6.357552004618083856e+02
5.700439718141092271e+02
6.672425341971495527e+02
6.066089190457771565e+02
5.209453365628950223e+02
5.209453365628950223e+02
5.392317422778760374e+02
5.832890014164740933e+02
5.209453365628950223e+02
5.700439718141092271e+02
5.392317422778760374e+02
5.700439718141092271e+02
5.000000000000000000e+02
5.554588851677638104e+02
5.392317422778760374e+02
5.954196310386874984e+02
5.832890014164740933e+02
6.066089190457771565e+02
5.209453365628950223e+02
6.599912842187127353e+02
5.700439718141092271e+02
5.832890014164740933e+02
6.523561956057012594e+02
6.442943495848727480e+02
6.741466986401147778e+02
5.392317422778760374e+02
6.357552004618083856e+02
5.700439718141092271e+02
5.554588851677638104e+02
6.066089190457771565e+02
6.066089190457771565e+02
5.209453365628950223e+02
5.554588851677638104e+02
5.392317422778760374e+02
5.832890014164740933e+02
5.554588851677638104e+02
6.266786540694901078e+02
6.169925001442312578e+02
5.554588851677638104e+02
5.392317422778760374e+02
6.741466986401147778e+02
5.392317422778760374e+02
6.442943495848727480e+02
6.266786540694901078e+02
6.599912842187127353e+02
5.954196310386874984e+02
5.954196310386874984e+02
6.523561956057012594e+02
6.066089190457771565e+02
6.266786540694901078e+02
5.392317422778760374e+02
6.066089190457771565e+02
5.554588851677638104e+02
6.266786540694901078e+02
6.066089190457771565e+02
6.442943495848727480e+02
5.700439718141092271e+02
5.554588851677638104e+02
5.392317422778760374e+02
5.832890014164740933e+02
5.392317422778760374e+02
6.266786540694901078e+02
5.209453365628950223e+02
5.392317422778760374e+02
5.954196310386874984e+02
6.066089190457771565e+02
6.807354922057603517e+02
5.700439718141092271e+02
6.523561956057012594e+02
6.266786540694901078e+02
5.700439718141092271e+02
5.000000000000000000e+02
5.209453365628950223e+02
5.392317422778760374e+02
5.392317422778760374e+02
5.954196310386874984e+02
5.954196310386874984e+02
6.169925001442312578e+02
6.672425341971495527e+02
5.554588851677638104e+02
6.870364719583404849e+02
6.357552004618083856e+02
5.832890014164740933e+02
5.832890014164740933e+02
5.700439718141092271e+02
5.832890014164740933e+02
6.066089190457771565e+02
6.357552004618083856e+02
6.523561956057012594e+02
5.700439718141092271e+02
5.700439718141092271e+02
6.442943495848727480e+02
5.954196310386874984e+02
6.442943495848727480e+02
5.700439718141092271e+02
6.357552004618083856e+02
6.357552004618083856e+02
5.700439718141092271e+02
6.442943495848727480e+02
6.442943495848727480e+02
6.357552004618083856e+02
5.554588851677638104e+02
5.209453365628950223e+02
5.700439718141092271e+02
6.357552004618083856e+02
5.700439718141092271e+02
5.700439718141092271e+02
5.954196310386874984e+02
6.442943495848727480e+02
5.700439718141092271e+02
5.832890014164740933e+02
6.442943495848727480e+02
5.392317422778760374e+02
5.554588851677638104e+02
6.066089190457771565e+02
5.954196310386874984e+02
6.357552004618083856e+02
5.954196310386874984e+02
5.832890014164740933e+02
5.554588851677638104e+02
6.599912842187127353e+02
5.209453365628950223e+02
6.870364719583404849e+02
6.442943495848727480e+02
7.098032082960526168e+02
6.066089190457771565e+02
5.209453365628950223e+02
5.392317422778760374e+02
5.392317422778760374e+02
5.554588851677638104e+02
5.392317422778760374e+02
6.169925001442312578e+02
5.554588851677638104e+02
5.392317422778760374e+02
5.954196310386874984e+02
6.266786540694901078e+02
5.954196310386874984e+02
6.266786540694901078e+02
5.954196310386874984e+02
6.357552004618083856e+02
5.700439718141092271e+02
5.000000000000000000e+02
5.209453365628950223e+02
5.554588851677638104e+02
5.954196310386874984e+02
5.954196310386874984e+02
5.954196310386874984e+02
5.392317422778760374e+02
5.209453365628950223e+02
6.066089190457771565e+02
5.554588851677638104e+02
5.554588851677638104e+02
5.209453365628950223e+02
5.392317422778760374e+02
5.554588851677638104e+02
6.169925001442312578e+02
5.554588851677638104e+02
5.554588851677638104e+02
6.066089190457771565e+02
5.209453365628950223e+02
5.554588851677638104e+02
5.954196310386874984e+02
6.169925001442312578e+02
5.954196310386874984e+02
5.554588851677638104e+02
6.988684686772165833e+02
5.954196310386874984e+02
5.700439718141092271e+02
5.209453365628950223e+02
5.209453365628950223e+02
5.554588851677638104e+02
5.554588851677638104e+02
5.700439718141092271e+02
6.672425341971495527e+02
5.392317422778760374e+02
5.554588851677638104e+02
5.000000000000000000e+02
5.209453365628950223e+02
5.554588851677638104e+02
5.954196310386874984e+02
5.832890014164740933e+02
5.392317422778760374e+02
5.832890014164740933e+02
5.700439718141092271e+02
6.442943495848727480e+02
6.066089190457771565e+02
5.392317422778760374e+02
5.392317422778760374e+02
5.832890014164740933e+02
5.392317422778760374e+02
6.599912842187127353e+02
6.672425341971495527e+02
5.209453365628950223e+02
5.392317422778760374e+02
6.357552004618083856e+02
6.357552004618083856e+02
6.169925001442312578e+02
6.442943495848727480e+02
6.066089190457771565e+02
5.209453365628950223e+02
5.554588851677638104e+02
5.392317422778760374e+02
6.442943495848727480e+02
5.954196310386874984e+02
6.357552004618083856e+02
5.700439718141092271e+02
5.700439718141092271e+02
5.700439718141092271e+02
5.554588851677638104e+02
5.392317422778760374e+02
5.392317422778760374e+02
5.554588851677638104e+02
5.392317422778760374e+02
5.700439718141092271e+02
5.392317422778760374e+02
5.554588851677638104e+02
5.700439718141092271e+02
6.266786540694901078e+02
5.000000000000000000e+02
5.554588851677638104e+02
5.392317422778760374e+02
5.832890014164740933e+02
5.392317422778760374e+02
5.954196310386874984e+02
6.523561956057012594e+02
5.832890014164740933e+02
6.169925001442312578e+02
6.442943495848727480e+02
5.392317422778760374e+02
5.832890014164740933e+02
5.554588851677638104e+02
5.209453365628950223e+02
5.954196310386874984e+02
5.209453365628950223e+02
6.169925001442312578e+02
5.000000000000000000e+02
5.000000000000000000e+02
5.000000000000000000e+02
5.209453365628950223e+02
5.392317422778760374e+02
5.554588851677638104e+02
6.066089190457771565e+02
6.442943495848727480e+02
5.392317422778760374e+02
5.392317422778760374e+02
5.954196310386874984e+02
6.672425341971495527e+02
6.066089190457771565e+02
5.832890014164740933e+02
5.832890014164740933e+02
6.169925001442312578e+02
6.599912842187127353e+02
6.169925001442312578e+02
5.832890014164740933e+02
5.832890014164740933e+02
6.066089190457771565e+02
5.554588851677638104e+02
5.000000000000000000e+02
5.832890014164740933e+02
5.954196310386874984e+02
5.954196310386874984e+02
6.523561956057012594e+02
6.266786540694901078e+02
5.554588851677638104e+02
6.169925001442312578e+02
5.209453365628950223e+02
6.066089190457771565e+02
5.832890014164740933e+02
5.554588851677638104e+02
5.832890014164740933e+02
6.266786540694901078e+02
6.066089190457771565e+02
6.266786540694901078e+02
6.357552004618083856e+02
6.741466986401147778e+02
5.954196310386874984e+02
5.954196310386874984e+02
5.554588851677638104e+02
5.392317422778760374e+02
5.392317422778760374e+02
5.392317422778760374e+02
5.392317422778760374e+02
5.392317422778760374e+02
5.554588851677638104e+02
6.266786540694901078e+02
5.832890014164740933e+02
6.266786540694901078e+02
5.392317422778760374e+02
5.000000000000000000e+02
5.392317422778760374e+02
6.672425341971495527e+02
5.554588851677638104e+02
5.954196310386874984e+02
6.066089190457771565e+02
5.554588851677638104e+02
5.700439718141092271e+02
5.000000000000000000e+02
5.392317422778760374e+02
5.832890014164740933e+02
5.700439718141092271e+02
6.672425341971495527e+02
6.066089190457771565e+02
6.442943495848727480e+02
6.442943495848727480e+02
6.169925001442312578e+02
5.700439718141092271e+02
5.954196310386874984e+02
5.209453365628950223e+02
5.392317422778760374e+02
5.554588851677638104e+02
5.000000000000000000e+02
5.700439718141092271e+02
6.672425341971495527e+02
5.832890014164740933e+02
5.700439718141092271e+02
5.392317422778760374e+02
6.266786540694901078e+02
7.098032082960526168e+02
5.554588851677638104e+02
6.066089190457771565e+02
6.930737337562886751e+02
6.599912842187127353e+02
6.266786540694901078e+02
5.554588851677638104e+02
5.954196310386874984e+02
5.700439718141092271e+02
6.169925001442312578e+02
6.066089190457771565e+02
5.392317422778760374e+02
6.066089190457771565e+02
6.169925001442312578e+02
6.523561956057012594e+02
5.392317422778760374e+02
5.000000000000000000e+02
5.000000000000000000e+02
5.832890014164740933e+02
5.392317422778760374e+02
5.700439718141092271e+02
5.832890014164740933e+02
5.700439718141092271e+02
6.066089190457771565e+02
5.392317422778760374e+02
5.209453365628950223e+02
5.000000000000000000e+02
5.392317422778760374e+02
5.700439718141092271e+02
5.209453365628950223e+02
5.832890014164740933e+02
5.554588851677638104e+02
6.741466986401147778e+02
6.169925001442312578e+02
5.832890014164740933e+02
5.000000000000000000e+02
5.832890014164740933e+02
5.700439718141092271e+02
5.832890014164740933e+02
5.209453365628950223e+02
5.554588851677638104e+02
6.066089190457771565e+02
5.954196310386874984e+02
5.209453365628950223e+02
5.209453365628950223e+02
5.209453365628950223e+02
5.392317422778760374e+02
5.209453365628950223e+02
6.266786540694901078e+02
5.000000000000000000e+02
5.392317422778760374e+02
5.832890014164740933e+02
5.832890014164740933e+02
5.392317422778760374e+02
5.000000000000000000e+02
5.209453365628950223e+02
5.554588851677638104e+02
6.066089190457771565e+02
5.954196310386874984e+02
6.266786540694901078e+02
5.954196310386874984e+02
5.554588851677638104e+02
5.209453365628950223e+02
5.392317422778760374e+02
5.832890014164740933e+02
5.954196310386874984e+02
5.700439718141092271e+02
6.266786540694901078e+02
5.954196310386874984e+02
6.357552004618083856e+02
6.357552004618083856e+02
5.954196310386874984e+02
6.066089190457771565e+02
5.209453365628950223e+02
5.554588851677638104e+02
6.357552004618083856e+02
6.066089190457771565e+02
5.554588851677638104e+02
5.554588851677638104e+02
5.392317422778760374e+02
5.392317422778760374e+02
6.741466986401147778e+02
5.832890014164740933e+02
5.954196310386874984e+02
6.523561956057012594e+02
6.066089190457771565e+02
6.169925001442312578e+02
5.554588851677638104e+02
5.392317422778760374e+02
5.392317422778760374e+02
5.554588851677638104e+02
5.209453365628950223e+02
5.832890014164740933e+02
5.554588851677638104e+02
6.066089190457771565e+02
5.209453365628950223e+02
5.832890014164740933e+02
5.832890014164740933e+02
5.700439718141092271e+02
6.442943495848727480e+02
6.066089190457771565e+02
6.169925001442312578e+02
